#node1	node2	node1_string_id	node2_string_id	node1_external_id	node2_external_id	neighborhood	fusion	cooccurence	homology	coexpression	experimental	knowledge	textmining	combined_score
NOS1	RPS6KB1	1852004	1843035	ENSP00000337459	ENSP00000225577	0.000	0.000	0.000	0.000	0.000	0.000	0.000	0.491	0.492
CAV1	ADRBK1	1852186	1849510	ENSP00000339191	ENSP00000312262	0.000	0.000	0.000	0.000	0.000	0.576	0.000	0.000	0.576
NUFIP1	FXR2	1856987	1843993	ENSP00000368459	ENSP00000250113	0.000	0.000	0.000	0.000	0.000	0.000	0.000	0.646	0.646
CSH2	IL6	1858052	1844631	ENSP00000376623	ENSP00000258743	0.000	0.000	0.000	0.000	0.000	0.000	0.000	0.585	0.585
EEF1A1	TRAP1	1851211	1843846	ENSP00000330054	ENSP00000246957	0.000	0.000	0.000	0.000	0.126	0.588	0.000	0.442	0.781
SPARC	TIMP1	1843274	1842705	ENSP00000231061	ENSP00000218388	0.000	0.000	0.000	0.000	0.000	0.000	0.900	0.472	0.944
MECP2	CTCF	1859873	1845456	ENSP00000395535	ENSP00000264010	0.000	0.000	0.000	0.000	0.000	0.000	0.000	0.472	0.472
BRCA1	FOS	1861387	1848822	ENSP00000418960	ENSP00000306245	0.000	0.000	0.000	0.000	0.000	0.000	0.000	0.459	0.459
IL6	APOE	1844631	1844127	ENSP00000258743	ENSP00000252486	0.000	0.000	0.000	0.000	0.000	0.000	0.000	0.942	0.942
RGS4	APP	1859995	1846936	ENSP00000397181	ENSP00000284981	0.000	0.000	0.000	0.000	0.000	0.000	0.900	0.000	0.900
CD82	TIMP1	1843104	1842705	ENSP00000227155	ENSP00000218388	0.000	0.000	0.000	0.000	0.000	0.000	0.000	0.834	0.834
ID4	CDKN1A	1856918	1843736	ENSP00000367972	ENSP00000244741	0.000	0.000	0.000	0.000	0.000	0.000	0.000	0.612	0.613
UBE3A	AR	1858549	1856164	ENSP00000381045	ENSP00000363822	0.000	0.000	0.000	0.000	0.000	0.808	0.000	0.418	0.883
SMN1	SNRPN	1857272	1848820	ENSP00000370083	ENSP00000306223	0.000	0.000	0.000	0.000	0.288	0.803	0.000	0.352	0.901
AKT1	PIK3CA	1846136	1845446	ENSP00000270202	ENSP00000263967	0.000	0.000	0.000	0.000	0.000	0.668	0.900	0.991	0.999
IL10	AKT1	1860958	1846136	ENSP00000412237	ENSP00000270202	0.000	0.000	0.000	0.000	0.000	0.000	0.000	0.537	0.537
TNF	CDH1	1860103	1844988	ENSP00000398698	ENSP00000261769	0.000	0.000	0.000	0.000	0.000	0.000	0.000	0.515	0.515
CYFIP2	FXR2	1850773	1843993	ENSP00000325817	ENSP00000250113	0.000	0.000	0.000	0.000	0.000	0.572	0.800	0.907	0.991
PSMB5	PSMB6	1854354	1846162	ENSP00000355325	ENSP00000270586	0.000	0.000	0.296	0.759	0.856	0.999	0.900	0.912	0.999
CYFIP1	FXR2	1850651	1843993	ENSP00000324549	ENSP00000250113	0.000	0.000	0.000	0.000	0.000	0.572	0.000	0.922	0.965
FOS	CDKN1A	1848822	1843736	ENSP00000306245	ENSP00000244741	0.000	0.000	0.000	0.000	0.000	0.000	0.000	0.659	0.659
FOS	IGF1	1848822	1848439	ENSP00000306245	ENSP00000302665	0.000	0.000	0.000	0.000	0.000	0.000	0.000	0.922	0.922
TNF	SLC1A3	1860103	1845695	ENSP00000398698	ENSP00000265113	0.000	0.000	0.000	0.000	0.000	0.000	0.000	0.469	0.469
REST	HDAC4	1849464	1845573	ENSP00000311816	ENSP00000264606	0.000	0.000	0.000	0.000	0.000	0.593	0.000	0.367	0.731
MAPK3	CDH1	1845265	1844988	ENSP00000263025	ENSP00000261769	0.000	0.000	0.000	0.000	0.000	0.000	0.900	0.243	0.921
JUN	PITX2	1855436	1848608	ENSP00000360266	ENSP00000304169	0.000	0.000	0.000	0.000	0.000	0.000	0.000	0.611	0.611
MMP9	MAPK3	1855661	1845265	ENSP00000361405	ENSP00000263025	0.000	0.000	0.000	0.000	0.000	0.000	0.000	0.467	0.467
RAN	HDAC4	1857999	1845573	ENSP00000376176	ENSP00000264606	0.000	0.000	0.000	0.000	0.074	0.000	0.900	0.000	0.903
BDNF	CRHR1	1861075	1858593	ENSP00000414303	ENSP00000381333	0.000	0.000	0.000	0.000	0.000	0.000	0.000	0.537	0.537
CRHR1	HTR7	1858593	1852055	ENSP00000381333	ENSP00000337949	0.000	0.000	0.000	0.000	0.000	0.000	0.000	0.513	0.513
HDAC9	MECP2	1860731	1859873	ENSP00000408617	ENSP00000395535	0.000	0.000	0.000	0.000	0.000	0.000	0.000	0.926	0.926
HDAC9	AR	1860731	1856164	ENSP00000408617	ENSP00000363822	0.000	0.000	0.000	0.000	0.000	0.000	0.000	0.913	0.913
RGS4	AFF1	1859995	1858274	ENSP00000397181	ENSP00000378578	0.000	0.000	0.000	0.000	0.000	0.000	0.000	0.648	0.648
MMP9	JUN	1855661	1855436	ENSP00000361405	ENSP00000360266	0.000	0.000	0.000	0.000	0.000	0.000	0.900	0.964	0.996
BDNF	ESR1	1861075	1842435	ENSP00000414303	ENSP00000206249	0.000	0.000	0.000	0.000	0.000	0.576	0.000	0.472	0.766
KIT	JAG1	1847112	1844342	ENSP00000288135	ENSP00000254958	0.000	0.000	0.000	0.000	0.000	0.000	0.000	0.495	0.495
HTT	RPS6KB1	1853139	1843035	ENSP00000347184	ENSP00000225577	0.000	0.000	0.000	0.000	0.000	0.576	0.000	0.223	0.656
TNF	FOS	1860103	1848822	ENSP00000398698	ENSP00000306245	0.000	0.000	0.000	0.000	0.000	0.000	0.000	0.914	0.914
HDAC9	SLC1A2	1860731	1846562	ENSP00000408617	ENSP00000278379	0.000	0.000	0.000	0.000	0.000	0.000	0.000	0.817	0.817
SRY	AMH	1857599	1842844	ENSP00000372547	ENSP00000221496	0.000	0.000	0.000	0.000	0.000	0.000	0.000	0.732	0.732
HDAC9	CDKN1A	1860731	1843736	ENSP00000408617	ENSP00000244741	0.000	0.000	0.000	0.000	0.000	0.000	0.000	0.938	0.938
CCDC6	MAPK3	1845288	1845265	ENSP00000263102	ENSP00000263025	0.000	0.000	0.000	0.000	0.000	0.576	0.000	0.000	0.576
PROM1	AKT1	1861160	1846136	ENSP00000415481	ENSP00000270202	0.000	0.000	0.000	0.000	0.000	0.000	0.000	0.604	0.604
NBN	SIRT1	1845751	1842473	ENSP00000265433	ENSP00000212015	0.000	0.000	0.000	0.000	0.000	0.566	0.000	0.847	0.931
PIK3CA	CDH1	1845446	1844988	ENSP00000263967	ENSP00000261769	0.000	0.000	0.000	0.000	0.000	0.000	0.900	0.454	0.943
MAOA	HTR7	1852356	1852055	ENSP00000340684	ENSP00000337949	0.000	0.000	0.000	0.000	0.000	0.000	0.000	0.811	0.811
BRCA1	IGF1	1861387	1848439	ENSP00000418960	ENSP00000302665	0.000	0.000	0.000	0.000	0.000	0.000	0.000	0.413	0.412
EIF2C1	FXR1	1855852	1853552	ENSP00000362300	ENSP00000350170	0.000	0.000	0.000	0.000	0.000	0.361	0.000	0.829	0.886
CA2	IL6	1846958	1844631	ENSP00000285379	ENSP00000258743	0.000	0.000	0.000	0.000	0.000	0.000	0.000	0.459	0.459
CELF1	DMPK	1862017	1852998	ENSP00000435926	ENSP00000345997	0.000	0.000	0.000	0.000	0.000	0.576	0.000	0.646	0.843
TNF	KIT	1860103	1847112	ENSP00000398698	ENSP00000288135	0.000	0.000	0.000	0.000	0.000	0.000	0.000	0.586	0.586
ATN1	HTT	1853388	1853139	ENSP00000349076	ENSP00000347184	0.000	0.000	0.000	0.000	0.000	0.000	0.000	0.441	0.441
WNT7A	CDH1	1846941	1844988	ENSP00000285018	ENSP00000261769	0.000	0.000	0.000	0.000	0.000	0.000	0.000	0.939	0.940
BDNF	CA2	1861075	1846958	ENSP00000414303	ENSP00000285379	0.000	0.000	0.000	0.000	0.000	0.000	0.000	0.415	0.414
AR	ATXN1	1856164	1843741	ENSP00000363822	ENSP00000244769	0.000	0.000	0.000	0.000	0.000	0.000	0.000	0.658	0.658
NR1H4	FXR2	1862381	1843993	ENSP00000447149	ENSP00000250113	0.000	0.000	0.000	0.000	0.000	0.000	0.000	0.681	0.681
FMR1	RPLP0	1855265	1852166	ENSP00000359506	ENSP00000339027	0.000	0.000	0.000	0.000	0.000	0.000	0.000	0.701	0.701
FXR1	DLG4	1853552	1847440	ENSP00000350170	ENSP00000293813	0.000	0.000	0.000	0.000	0.000	0.000	0.000	0.757	0.758
RPS6	AKT1	1857216	1846136	ENSP00000369757	ENSP00000270202	0.000	0.000	0.000	0.000	0.000	0.383	0.000	0.985	0.990
KRT8	MAPK3	1847404	1845265	ENSP00000293308	ENSP00000263025	0.000	0.000	0.000	0.000	0.000	0.576	0.000	0.101	0.602
BDNF	AKT1	1861075	1846136	ENSP00000414303	ENSP00000270202	0.000	0.000	0.000	0.000	0.000	0.000	0.000	0.941	0.941
KRT8	CDH1	1847404	1844988	ENSP00000293308	ENSP00000261769	0.000	0.000	0.000	0.000	0.000	0.143	0.000	0.583	0.627
HTT	AKT1	1853139	1846136	ENSP00000347184	ENSP00000270202	0.000	0.000	0.000	0.000	0.000	0.576	0.000	0.852	0.934
YBX1	JUN	1855704	1855436	ENSP00000361626	ENSP00000360266	0.000	0.000	0.000	0.000	0.000	0.000	0.000	0.408	0.408
MAP1B	FXR2	1847784	1843993	ENSP00000296755	ENSP00000250113	0.000	0.000	0.000	0.000	0.000	0.466	0.000	0.650	0.805
EPHB2	DLG4	1856154	1847440	ENSP00000363763	ENSP00000293813	0.462	0.000	0.000	0.000	0.000	0.077	0.000	0.349	0.648
ATXN3	FXN	1858089	1856650	ENSP00000376965	ENSP00000366482	0.000	0.000	0.000	0.000	0.000	0.000	0.000	0.505	0.505
JUN	ESR1	1855436	1842435	ENSP00000360266	ENSP00000206249	0.000	0.000	0.000	0.000	0.000	0.808	0.900	0.943	0.998
KIT	CDH1	1847112	1844988	ENSP00000288135	ENSP00000261769	0.000	0.000	0.000	0.000	0.000	0.000	0.000	0.910	0.910
KIT	IL6	1847112	1844631	ENSP00000288135	ENSP00000258743	0.000	0.000	0.000	0.000	0.000	0.000	0.000	0.648	0.648
FXR2	RPS6KB1	1843993	1843035	ENSP00000250113	ENSP00000225577	0.000	0.000	0.000	0.000	0.000	0.000	0.000	0.619	0.619
JUN	CDKN1A	1855436	1843736	ENSP00000360266	ENSP00000244741	0.000	0.000	0.000	0.000	0.000	0.566	0.900	0.941	0.997
BRCA1	NUFIP1	1861387	1856987	ENSP00000418960	ENSP00000368459	0.000	0.000	0.000	0.000	0.000	0.566	0.000	0.103	0.594
SRY	ZFY	1857599	1842256	ENSP00000372547	ENSP00000155093	0.000	0.000	0.000	0.000	0.000	0.000	0.000	0.838	0.838
IL10	MMP9	1860958	1855661	ENSP00000412237	ENSP00000361405	0.000	0.000	0.000	0.000	0.000	0.000	0.000	0.923	0.923
ATXN3	SLC12A2	1858089	1845152	ENSP00000376965	ENSP00000262461	0.000	0.000	0.000	0.000	0.000	0.000	0.000	0.584	0.584
JUN	TWIST1	1855436	1843619	ENSP00000360266	ENSP00000242261	0.000	0.000	0.000	0.000	0.000	0.000	0.000	0.432	0.432
WNT7A	AKT1	1846941	1846136	ENSP00000285018	ENSP00000270202	0.000	0.000	0.000	0.000	0.000	0.000	0.000	0.714	0.715
RPS6	RPL10	1857216	1852496	ENSP00000369757	ENSP00000341730	0.000	0.000	0.000	0.000	0.975	0.436	0.000	0.000	0.985
MMP1	CDH1	1850481	1844988	ENSP00000322788	ENSP00000261769	0.000	0.000	0.000	0.000	0.000	0.000	0.000	0.567	0.567
RPL10	RPLP0	1852496	1852166	ENSP00000341730	ENSP00000339027	0.274	0.000	0.000	0.000	0.964	0.727	0.000	0.340	0.994
KIT	PIK3CA	1847112	1845446	ENSP00000288135	ENSP00000263967	0.000	0.000	0.000	0.000	0.000	0.149	0.900	0.464	0.950
BDNF	PIK3CA	1861075	1845446	ENSP00000414303	ENSP00000263967	0.000	0.000	0.000	0.000	0.000	0.000	0.900	0.122	0.908
BRCA1	NBN	1861387	1845751	ENSP00000418960	ENSP00000265433	0.000	0.000	0.000	0.000	0.000	0.972	0.900	0.623	0.998
MMP1	IL6	1850481	1844631	ENSP00000322788	ENSP00000258743	0.000	0.000	0.000	0.000	0.000	0.000	0.000	0.928	0.928
RFC4	NBN	1847705	1845751	ENSP00000296273	ENSP00000265433	0.000	0.000	0.000	0.000	0.000	0.000	0.900	0.514	0.949
HDAC9	MMP1	1860731	1850481	ENSP00000408617	ENSP00000322788	0.000	0.000	0.000	0.000	0.000	0.000	0.000	0.841	0.841
JAG1	CDKN1A	1844342	1843736	ENSP00000254958	ENSP00000244741	0.000	0.000	0.000	0.000	0.000	0.000	0.000	0.415	0.414
HDAC9	FXN	1860731	1856650	ENSP00000408617	ENSP00000366482	0.000	0.000	0.000	0.000	0.000	0.000	0.000	0.420	0.420
YBX1	G3BP1	1855704	1853318	ENSP00000361626	ENSP00000348578	0.000	0.000	0.000	0.000	0.086	0.593	0.000	0.396	0.756
IL6	TIMP1	1844631	1842705	ENSP00000258743	ENSP00000218388	0.000	0.000	0.000	0.000	0.000	0.000	0.000	0.937	0.937
DMD	NOS1	1854257	1852004	ENSP00000354923	ENSP00000337459	0.000	0.000	0.000	0.000	0.000	0.649	0.000	0.629	0.864
FXR1	RPLP0	1853552	1852166	ENSP00000350170	ENSP00000339027	0.000	0.000	0.000	0.000	0.000	0.000	0.000	0.701	0.701
JUN	MAPK3	1855436	1845265	ENSP00000360266	ENSP00000263025	0.000	0.000	0.000	0.000	0.000	0.680	0.900	0.973	0.999
DLG4	AKT1	1847440	1846136	ENSP00000293813	ENSP00000270202	0.000	0.000	0.000	0.000	0.000	0.000	0.000	0.419	0.419
GPC3	WNT7A	1858180	1846941	ENSP00000377836	ENSP00000285018	0.000	0.000	0.000	0.000	0.000	0.328	0.800	0.212	0.884
BDNF	APP	1861075	1846936	ENSP00000414303	ENSP00000284981	0.000	0.000	0.000	0.000	0.000	0.053	0.000	0.398	0.405
TNF	ESR1	1860103	1842435	ENSP00000398698	ENSP00000206249	0.000	0.000	0.000	0.000	0.000	0.000	0.000	0.509	0.509
SLC1A2	AKT1	1846562	1846136	ENSP00000278379	ENSP00000270202	0.000	0.000	0.000	0.000	0.000	0.000	0.000	0.850	0.850
BDNF	ARC	1861075	1853386	ENSP00000414303	ENSP00000349022	0.000	0.000	0.000	0.000	0.000	0.000	0.000	0.634	0.634
WNT7A	ESR1	1846941	1842435	ENSP00000285018	ENSP00000206249	0.000	0.000	0.000	0.000	0.000	0.000	0.000	0.866	0.866
PRKG1	AKT1	1856026	1846136	ENSP00000363092	ENSP00000270202	0.000	0.000	0.000	0.792	0.000	0.328	0.000	0.614	0.411
HDAC4	ESR1	1845573	1842435	ENSP00000264606	ENSP00000206249	0.000	0.000	0.000	0.000	0.000	0.812	0.900	0.281	0.985
CAV1	MAPK3	1852186	1845265	ENSP00000339191	ENSP00000263025	0.000	0.000	0.000	0.000	0.000	0.576	0.000	0.441	0.753
AMH	ESR1	1842844	1842435	ENSP00000221496	ENSP00000206249	0.000	0.000	0.000	0.000	0.000	0.000	0.000	0.509	0.509
RGS4	C5	1859995	1842988	ENSP00000397181	ENSP00000223642	0.000	0.000	0.000	0.000	0.000	0.000	0.900	0.000	0.900
CDH1	RPS6KB1	1844988	1843035	ENSP00000261769	ENSP00000225577	0.000	0.000	0.000	0.000	0.000	0.000	0.000	0.865	0.865
CDH1	CDKN1A	1844988	1843736	ENSP00000261769	ENSP00000244741	0.000	0.000	0.000	0.000	0.000	0.000	0.000	0.592	0.593
DLG4	APP	1847440	1846936	ENSP00000293813	ENSP00000284981	0.000	0.000	0.000	0.000	0.088	0.576	0.000	0.356	0.729
CELF1	AKT1	1862017	1846136	ENSP00000435926	ENSP00000270202	0.000	0.000	0.000	0.000	0.000	0.000	0.000	0.822	0.822
FOS	APOE	1848822	1844127	ENSP00000306245	ENSP00000252486	0.000	0.000	0.000	0.000	0.000	0.000	0.000	0.472	0.472
PRKG1	MAPK3	1856026	1845265	ENSP00000363092	ENSP00000263025	0.000	0.000	0.000	0.649	0.066	0.275	0.000	0.462	0.402
PSMB6	PSMB7	1846162	1844696	ENSP00000270586	ENSP00000259457	0.000	0.000	0.208	0.775	0.736	0.999	0.900	0.883	0.999
CTCF	RPS6KB1	1845456	1843035	ENSP00000264010	ENSP00000225577	0.000	0.000	0.000	0.000	0.000	0.101	0.900	0.151	0.917
BDNF	HDAC9	1861075	1860731	ENSP00000414303	ENSP00000408617	0.000	0.000	0.000	0.000	0.000	0.000	0.000	0.504	0.504
NUFIP1	YBX1	1856987	1855704	ENSP00000368459	ENSP00000361626	0.000	0.000	0.000	0.000	0.000	0.000	0.000	0.557	0.557
AR	NR3C2	1856164	1852455	ENSP00000363822	ENSP00000341390	0.000	0.000	0.000	0.787	0.000	0.576	0.000	0.233	0.594
CDKN1A	EIF2AK2	1843736	1843335	ENSP00000244741	ENSP00000233057	0.000	0.000	0.000	0.000	0.000	0.564	0.000	0.197	0.634
SLC6A4	APOE	1844969	1844127	ENSP00000261707	ENSP00000252486	0.000	0.000	0.000	0.000	0.000	0.000	0.000	0.473	0.473
HDAC9	IL6	1860731	1844631	ENSP00000408617	ENSP00000258743	0.000	0.000	0.000	0.000	0.000	0.000	0.000	0.417	0.416
IGF1	APOE	1848439	1844127	ENSP00000302665	ENSP00000252486	0.000	0.000	0.000	0.000	0.000	0.000	0.000	0.504	0.504
IGF1	TIMP1	1848439	1842705	ENSP00000302665	ENSP00000218388	0.000	0.000	0.000	0.000	0.000	0.000	0.900	0.504	0.948
IL6	RPS6KB1	1844631	1843035	ENSP00000258743	ENSP00000225577	0.000	0.000	0.000	0.000	0.000	0.000	0.000	0.452	0.452
JUN	APP	1855436	1846936	ENSP00000360266	ENSP00000284981	0.000	0.000	0.000	0.000	0.000	0.231	0.000	0.371	0.495
JUN	RPS6KB1	1855436	1843035	ENSP00000360266	ENSP00000225577	0.000	0.000	0.000	0.000	0.000	0.000	0.000	0.652	0.652
AR	CAV1	1856164	1852186	ENSP00000363822	ENSP00000339191	0.000	0.000	0.000	0.000	0.000	0.576	0.000	0.826	0.923
DLG4	KIT	1847440	1847112	ENSP00000293813	ENSP00000288135	0.462	0.000	0.000	0.000	0.000	0.077	0.000	0.200	0.568
FOS	PIK3CA	1848822	1845446	ENSP00000306245	ENSP00000263967	0.000	0.000	0.000	0.000	0.000	0.000	0.000	0.793	0.793
TNF	SLC1A2	1860103	1846562	ENSP00000398698	ENSP00000278379	0.000	0.000	0.000	0.000	0.000	0.000	0.000	0.685	0.685
BRCA1	BRCA2	1861387	1857163	ENSP00000418960	ENSP00000369497	0.000	0.000	0.000	0.000	0.000	0.913	0.900	0.943	0.999
IL10	IL6	1860958	1844631	ENSP00000412237	ENSP00000258743	0.000	0.000	0.000	0.000	0.000	0.000	0.000	0.979	0.979
IGF1	OXT	1848439	1842661	ENSP00000302665	ENSP00000217386	0.000	0.000	0.000	0.000	0.000	0.000	0.000	0.453	0.453
JUN	PIK3CA	1855436	1845446	ENSP00000360266	ENSP00000263967	0.000	0.000	0.000	0.000	0.000	0.214	0.000	0.475	0.570
IL10	TNF	1860958	1860103	ENSP00000412237	ENSP00000398698	0.000	0.000	0.000	0.000	0.000	0.000	0.000	0.949	0.949
C2	C5	1848055	1842988	ENSP00000299367	ENSP00000223642	0.000	0.000	0.000	0.000	0.000	0.576	0.000	0.078	0.592
NOS1	HDAC4	1852004	1845573	ENSP00000337459	ENSP00000264606	0.000	0.000	0.000	0.000	0.000	0.000	0.000	0.552	0.553
KIT	AMH	1847112	1842844	ENSP00000288135	ENSP00000221496	0.000	0.000	0.000	0.000	0.000	0.089	0.000	0.418	0.447
T	WNT7A	1847809	1846941	ENSP00000296946	ENSP00000285018	0.000	0.000	0.000	0.000	0.000	0.101	0.000	0.466	0.499
HDAC9	ESR1	1860731	1842435	ENSP00000408617	ENSP00000206249	0.000	0.000	0.000	0.000	0.000	0.576	0.000	0.586	0.816
MMP9	RPS6KB1	1855661	1843035	ENSP00000361405	ENSP00000225577	0.000	0.000	0.000	0.000	0.000	0.000	0.000	0.873	0.874
SMN1	DMD	1857272	1854257	ENSP00000370083	ENSP00000354923	0.000	0.000	0.000	0.000	0.000	0.096	0.000	0.472	0.502
PROM1	JAG1	1861160	1844342	ENSP00000415481	ENSP00000254958	0.000	0.000	0.000	0.000	0.000	0.000	0.000	0.508	0.508
MMP9	IGF1	1855661	1848439	ENSP00000361405	ENSP00000302665	0.000	0.000	0.000	0.000	0.000	0.000	0.000	0.534	0.534
HDAC4	NFYB	1845573	1843547	ENSP00000264606	ENSP00000240055	0.278	0.000	0.000	0.000	0.000	0.201	0.000	0.190	0.492
RPS6	EEF1A2	1857216	1842645	ENSP00000369757	ENSP00000217182	0.000	0.000	0.223	0.000	0.428	0.000	0.000	0.093	0.561
PRDX2	WRN	1848306	1847932	ENSP00000301522	ENSP00000298139	0.000	0.000	0.000	0.000	0.000	0.360	0.000	0.102	0.400
ATXN3	AR	1858089	1856164	ENSP00000376965	ENSP00000363822	0.000	0.000	0.000	0.000	0.000	0.000	0.000	0.580	0.580
KIT	ESR1	1847112	1842435	ENSP00000288135	ENSP00000206249	0.000	0.000	0.000	0.000	0.000	0.063	0.000	0.540	0.550
FXR1	AKT1	1853552	1846136	ENSP00000350170	ENSP00000270202	0.000	0.000	0.000	0.000	0.000	0.000	0.000	0.492	0.493
YBX1	PITX2	1855704	1848608	ENSP00000361626	ENSP00000304169	0.000	0.000	0.000	0.000	0.000	0.566	0.000	0.081	0.584
FMR1	CYFIP2	1855265	1850773	ENSP00000359506	ENSP00000325817	0.000	0.000	0.000	0.000	0.073	0.572	0.000	0.966	0.985
IGF1	MAPK3	1848439	1845265	ENSP00000302665	ENSP00000263025	0.000	0.000	0.000	0.000	0.000	0.000	0.900	0.470	0.944
YBX1	EEF1A1	1855704	1851211	ENSP00000361626	ENSP00000330054	0.000	0.000	0.000	0.000	0.064	0.585	0.000	0.871	0.946
FMR1	DLGAP3	1855265	1843417	ENSP00000359506	ENSP00000235180	0.000	0.000	0.000	0.000	0.000	0.000	0.000	0.760	0.761
CELF1	JUN	1862017	1855436	ENSP00000435926	ENSP00000360266	0.000	0.000	0.000	0.000	0.000	0.000	0.000	0.825	0.825
BDNF	OXT	1861075	1842661	ENSP00000414303	ENSP00000217386	0.000	0.000	0.000	0.000	0.000	0.000	0.000	0.472	0.472
RCAN1	MAPK3	1850280	1845265	ENSP00000320768	ENSP00000263025	0.000	0.000	0.000	0.000	0.000	0.576	0.000	0.226	0.657
ASAH1	ARSA	1857426	1842549	ENSP00000371152	ENSP00000216124	0.000	0.000	0.000	0.000	0.000	0.000	0.000	0.608	0.608
SHBG	AR	1857224	1856164	ENSP00000369816	ENSP00000363822	0.000	0.000	0.000	0.000	0.000	0.000	0.000	0.815	0.815
JUN	NOS1	1855436	1852004	ENSP00000360266	ENSP00000337459	0.000	0.000	0.000	0.000	0.000	0.000	0.000	0.861	0.861
CA2	ESR1	1846958	1842435	ENSP00000285379	ENSP00000206249	0.000	0.000	0.000	0.000	0.000	0.000	0.000	0.508	0.508
POU3F4	PITX2	1855849	1848608	ENSP00000362296	ENSP00000304169	0.000	0.000	0.000	0.000	0.000	0.000	0.000	0.863	0.863
PPP2R5C	AKT1	1860968	1846136	ENSP00000412324	ENSP00000270202	0.000	0.000	0.000	0.000	0.000	0.650	0.800	0.252	0.943
SHBG	IL6	1857224	1844631	ENSP00000369816	ENSP00000258743	0.000	0.000	0.000	0.000	0.000	0.000	0.000	0.508	0.508
IL6	CDKN1A	1844631	1843736	ENSP00000258743	ENSP00000244741	0.000	0.000	0.000	0.000	0.000	0.000	0.000	0.903	0.903
C7	C5	1850411	1842988	ENSP00000322061	ENSP00000223642	0.000	0.000	0.000	0.000	0.000	0.576	0.900	0.000	0.955
BRCA1	TARDBP	1861387	1843553	ENSP00000418960	ENSP00000240185	0.000	0.000	0.000	0.000	0.000	0.566	0.000	0.106	0.595
PROM1	IGF1	1861160	1848439	ENSP00000415481	ENSP00000302665	0.000	0.000	0.000	0.000	0.000	0.000	0.000	0.415	0.414
IGF1	PIK3CA	1848439	1845446	ENSP00000302665	ENSP00000263967	0.000	0.000	0.000	0.000	0.000	0.000	0.900	0.417	0.939
NUFIP1	FXR1	1856987	1853552	ENSP00000368459	ENSP00000350170	0.000	0.000	0.000	0.000	0.000	0.000	0.000	0.631	0.631
CAV1	CDH1	1852186	1844988	ENSP00000339191	ENSP00000261769	0.000	0.000	0.000	0.000	0.000	0.000	0.000	0.869	0.869
MMP9	MMP1	1855661	1850481	ENSP00000361405	ENSP00000322788	0.000	0.000	0.000	0.745	0.113	0.000	0.900	0.982	0.930
FLNA	CYFIP2	1855120	1850773	ENSP00000358866	ENSP00000325817	0.000	0.000	0.000	0.000	0.000	0.000	0.000	0.471	0.471
BDNF	NRG1	1861075	1853417	ENSP00000414303	ENSP00000349275	0.000	0.000	0.000	0.000	0.000	0.000	0.000	0.912	0.912
TNF	IL6	1860103	1844631	ENSP00000398698	ENSP00000258743	0.000	0.000	0.000	0.000	0.092	0.000	0.000	0.871	0.877
JUN	AKT1	1855436	1846136	ENSP00000360266	ENSP00000270202	0.000	0.000	0.000	0.000	0.000	0.000	0.000	0.976	0.977
NUFIP1	CYFIP2	1856987	1850773	ENSP00000368459	ENSP00000325817	0.000	0.000	0.000	0.000	0.000	0.000	0.000	0.677	0.677
GDI1	RENBP	1859771	1858117	ENSP00000394071	ENSP00000377303	0.000	0.000	0.000	0.000	0.000	0.000	0.000	0.471	0.471
CAV1	NOS1	1852186	1852004	ENSP00000339191	ENSP00000337459	0.000	0.000	0.000	0.000	0.000	0.000	0.000	0.834	0.834
EPHB2	CAV1	1856154	1852186	ENSP00000363763	ENSP00000339191	0.000	0.000	0.000	0.000	0.000	0.000	0.000	0.694	0.694
RPLP0	ESR1	1852166	1842435	ENSP00000339027	ENSP00000206249	0.000	0.000	0.000	0.000	0.000	0.395	0.000	0.325	0.574
PIK3CA	RPS6KB1	1845446	1843035	ENSP00000263967	ENSP00000225577	0.000	0.000	0.000	0.000	0.000	0.663	0.900	0.880	0.995
RPS6KB1	ESR1	1843035	1842435	ENSP00000225577	ENSP00000206249	0.000	0.000	0.000	0.000	0.000	0.000	0.000	0.472	0.472
TRAP1	EEF1A2	1843846	1842645	ENSP00000246957	ENSP00000217182	0.000	0.000	0.000	0.000	0.126	0.082	0.000	0.382	0.461
CHD2	JUN	1858166	1855436	ENSP00000377747	ENSP00000360266	0.000	0.000	0.000	0.000	0.000	0.324	0.000	0.161	0.409
TNF	AKT1	1860103	1846136	ENSP00000398698	ENSP00000270202	0.000	0.000	0.000	0.000	0.000	0.000	0.000	0.934	0.934
TH	MAPK3	1857346	1845265	ENSP00000370571	ENSP00000263025	0.000	0.000	0.000	0.000	0.000	0.576	0.000	0.199	0.646
IL10	JUN	1860958	1855436	ENSP00000412237	ENSP00000360266	0.000	0.000	0.000	0.000	0.000	0.000	0.900	0.855	0.984
EIF2C1	FXR2	1855852	1843993	ENSP00000362300	ENSP00000250113	0.000	0.000	0.000	0.000	0.000	0.538	0.000	0.815	0.911
NOS1	AKT1	1852004	1846136	ENSP00000337459	ENSP00000270202	0.000	0.000	0.000	0.000	0.000	0.000	0.000	0.881	0.882
CYFIP1	MAP1B	1850651	1847784	ENSP00000324549	ENSP00000296755	0.000	0.000	0.000	0.000	0.000	0.129	0.000	0.345	0.405
JUN	FOS	1855436	1848822	ENSP00000360266	ENSP00000306245	0.000	0.000	0.000	0.000	0.168	0.999	0.900	0.998	0.999
FOS	MAPK3	1848822	1845265	ENSP00000306245	ENSP00000263025	0.000	0.000	0.000	0.000	0.000	0.299	0.900	0.876	0.990
MMP1	WNT7A	1850481	1846941	ENSP00000322788	ENSP00000285018	0.000	0.000	0.000	0.000	0.000	0.000	0.000	0.442	0.443
NR1H4	APOE	1862381	1844127	ENSP00000447149	ENSP00000252486	0.000	0.000	0.000	0.000	0.000	0.000	0.000	0.456	0.456
JUN	HDAC4	1855436	1845573	ENSP00000360266	ENSP00000264606	0.000	0.000	0.000	0.000	0.000	0.415	0.000	0.333	0.593
PRDX2	EEF1A2	1848306	1842645	ENSP00000301522	ENSP00000217182	0.000	0.000	0.000	0.000	0.079	0.000	0.000	0.611	0.626
BRCA1	PIK3CA	1861387	1845446	ENSP00000418960	ENSP00000263967	0.000	0.000	0.000	0.000	0.000	0.000	0.000	0.538	0.538
HDAC9	NOS1	1860731	1852004	ENSP00000408617	ENSP00000337459	0.000	0.000	0.000	0.000	0.000	0.000	0.000	0.508	0.509
BDNF	IGF1	1861075	1848439	ENSP00000414303	ENSP00000302665	0.000	0.000	0.000	0.000	0.000	0.000	0.000	0.938	0.938
EEF1A1	RPS6KB1	1851211	1843035	ENSP00000330054	ENSP00000225577	0.000	0.000	0.000	0.000	0.000	0.000	0.000	0.874	0.875
DMPK	ZFY	1852998	1842256	ENSP00000345997	ENSP00000155093	0.000	0.000	0.000	0.000	0.000	0.000	0.000	0.471	0.471
AR	FLNA	1856164	1855120	ENSP00000363822	ENSP00000358866	0.000	0.000	0.000	0.000	0.000	0.576	0.000	0.234	0.661
YBX1	FMR1	1855704	1855265	ENSP00000361626	ENSP00000359506	0.000	0.000	0.000	0.000	0.000	0.576	0.000	0.445	0.755
TNF	MMP9	1860103	1855661	ENSP00000398698	ENSP00000361405	0.000	0.000	0.000	0.000	0.000	0.000	0.000	0.984	0.984
G3BP1	TARDBP	1853318	1843553	ENSP00000348578	ENSP00000240185	0.000	0.000	0.000	0.000	0.000	0.304	0.000	0.896	0.925
IGF1	TWIST1	1848439	1843619	ENSP00000302665	ENSP00000242261	0.000	0.000	0.000	0.000	0.000	0.000	0.000	0.841	0.841
AR	KRT8	1856164	1847404	ENSP00000363822	ENSP00000293308	0.000	0.000	0.000	0.000	0.000	0.000	0.000	0.508	0.508
YBX1	FOS	1855704	1848822	ENSP00000361626	ENSP00000306245	0.000	0.000	0.000	0.000	0.000	0.000	0.000	0.407	0.407
BRCA2	NBN	1857163	1845751	ENSP00000369497	ENSP00000265433	0.000	0.000	0.000	0.000	0.000	0.000	0.900	0.503	0.948
ATXN3	HTT	1858089	1853139	ENSP00000376965	ENSP00000347184	0.000	0.000	0.000	0.000	0.000	0.000	0.000	0.665	0.665
DLG4	DLGAP3	1847440	1843417	ENSP00000293813	ENSP00000235180	0.000	0.000	0.000	0.000	0.000	0.573	0.000	0.624	0.832
TH	OXT	1857346	1842661	ENSP00000370571	ENSP00000217386	0.000	0.000	0.000	0.000	0.000	0.000	0.000	0.650	0.650
RPL10	EEF1A2	1852496	1842645	ENSP00000341730	ENSP00000217182	0.000	0.000	0.000	0.000	0.579	0.000	0.000	0.000	0.579
FXR1	FXR2	1853552	1843993	ENSP00000350170	ENSP00000250113	0.000	0.000	0.000	0.962	0.000	0.896	0.000	0.841	0.899
EIF2C1	DGCR8	1855852	1845307	ENSP00000362300	ENSP00000263209	0.000	0.000	0.000	0.000	0.000	0.000	0.000	0.870	0.870
KIT	INHA	1847112	1843682	ENSP00000288135	ENSP00000243786	0.000	0.000	0.000	0.000	0.000	0.089	0.000	0.457	0.484
BDNF	MAOA	1861075	1852356	ENSP00000414303	ENSP00000340684	0.000	0.000	0.000	0.000	0.000	0.000	0.000	0.565	0.565
PITX2	CDKN1A	1848608	1843736	ENSP00000304169	ENSP00000244741	0.000	0.000	0.000	0.000	0.000	0.000	0.000	0.815	0.815
MMP1	APOE	1850481	1844127	ENSP00000322788	ENSP00000252486	0.000	0.000	0.000	0.000	0.000	0.000	0.000	0.897	0.897
FMR1	TARDBP	1855265	1843553	ENSP00000359506	ENSP00000240185	0.000	0.000	0.000	0.000	0.000	0.000	0.000	0.653	0.654
YBX1	FXR2	1855704	1843993	ENSP00000361626	ENSP00000250113	0.000	0.000	0.000	0.000	0.000	0.000	0.000	0.497	0.497
TH	ESR1	1857346	1842435	ENSP00000370571	ENSP00000206249	0.000	0.000	0.000	0.000	0.000	0.000	0.000	0.533	0.533
PIK3CA	MAPK3	1845446	1845265	ENSP00000263967	ENSP00000263025	0.000	0.000	0.000	0.000	0.000	0.188	0.000	0.546	0.616
NSD1	ESR1	1859900	1842435	ENSP00000395929	ENSP00000206249	0.000	0.000	0.000	0.000	0.000	0.607	0.000	0.310	0.717
APP	C5	1846936	1842988	ENSP00000284981	ENSP00000223642	0.000	0.000	0.000	0.000	0.000	0.000	0.900	0.000	0.900
MMP9	CDKN1A	1855661	1843736	ENSP00000361405	ENSP00000244741	0.000	0.000	0.000	0.000	0.000	0.000	0.000	0.503	0.503
RPLP0	FXR2	1852166	1843993	ENSP00000339027	ENSP00000250113	0.000	0.000	0.000	0.000	0.000	0.000	0.000	0.701	0.701
APOE	SIRT1	1844127	1842473	ENSP00000252486	ENSP00000212015	0.000	0.000	0.000	0.000	0.000	0.000	0.000	0.418	0.418
CA2	OXT	1846958	1842661	ENSP00000285379	ENSP00000217386	0.000	0.000	0.000	0.000	0.000	0.000	0.000	0.501	0.501
SRY	AR	1857599	1856164	ENSP00000372547	ENSP00000363822	0.000	0.000	0.000	0.000	0.000	0.576	0.000	0.913	0.961
KIT	RPS6KB1	1847112	1843035	ENSP00000288135	ENSP00000225577	0.000	0.000	0.000	0.617	0.000	0.101	0.900	0.446	0.921
BRCA2	CDH1	1857163	1844988	ENSP00000369497	ENSP00000261769	0.000	0.000	0.000	0.000	0.000	0.000	0.000	0.509	0.509
IGF1	CDH1	1848439	1844988	ENSP00000302665	ENSP00000261769	0.000	0.000	0.000	0.000	0.000	0.000	0.900	0.889	0.988
RLN3	FOS	1860007	1848822	ENSP00000397415	ENSP00000306245	0.000	0.000	0.000	0.000	0.000	0.000	0.000	0.834	0.834
FMR1	APP	1855265	1846936	ENSP00000359506	ENSP00000284981	0.000	0.000	0.000	0.000	0.000	0.000	0.000	0.745	0.746
EIF2C1	SIRT1	1855852	1842473	ENSP00000362300	ENSP00000212015	0.000	0.000	0.000	0.000	0.000	0.307	0.000	0.197	0.419
HTR7	FOS	1852055	1848822	ENSP00000337949	ENSP00000306245	0.000	0.000	0.000	0.000	0.000	0.000	0.000	0.635	0.635
TH	AR	1857346	1856164	ENSP00000370571	ENSP00000363822	0.000	0.000	0.000	0.000	0.000	0.000	0.000	0.457	0.457
CDH1	CD82	1844988	1843104	ENSP00000261769	ENSP00000227155	0.000	0.000	0.000	0.000	0.000	0.000	0.000	0.896	0.896
RPS6	EEF1A1	1857216	1851211	ENSP00000369757	ENSP00000330054	0.000	0.000	0.239	0.000	0.428	0.638	0.900	0.471	0.990
FMR1	FXR1	1855265	1853552	ENSP00000359506	ENSP00000350170	0.000	0.000	0.000	0.932	0.000	0.566	0.000	0.588	0.582
BRCA2	FLNA	1857163	1855120	ENSP00000369497	ENSP00000358866	0.000	0.000	0.000	0.000	0.000	0.576	0.000	0.092	0.598
AKT1	TIMP1	1846136	1842705	ENSP00000270202	ENSP00000218388	0.000	0.000	0.000	0.000	0.000	0.000	0.000	0.910	0.910
MMP9	TIMP1	1855661	1842705	ENSP00000361405	ENSP00000218388	0.000	0.000	0.000	0.000	0.000	0.605	0.900	0.996	0.999
BDNF	SORT1	1861075	1844454	ENSP00000414303	ENSP00000256637	0.000	0.000	0.000	0.000	0.000	0.812	0.900	0.235	0.984
UBE3A	ATXN3	1858549	1858089	ENSP00000381045	ENSP00000376965	0.000	0.000	0.000	0.000	0.076	0.149	0.000	0.397	0.484
FXR1	G3BP1	1853552	1853318	ENSP00000350170	ENSP00000348578	0.000	0.000	0.000	0.000	0.000	0.000	0.000	0.520	0.520
SOX3	CDR1	1855290	1855288	ENSP00000359567	ENSP00000359563	0.000	0.000	0.000	0.000	0.000	0.000	0.000	0.515	0.515
TNF	TIMP1	1860103	1842705	ENSP00000398698	ENSP00000218388	0.000	0.000	0.000	0.000	0.000	0.000	0.000	0.623	0.623
AR	MMP1	1856164	1850481	ENSP00000363822	ENSP00000322788	0.000	0.000	0.000	0.000	0.000	0.000	0.000	0.859	0.859
KRT8	KIT	1847404	1847112	ENSP00000293308	ENSP00000288135	0.000	0.000	0.000	0.000	0.071	0.000	0.000	0.470	0.486
IGF1	KIT	1848439	1847112	ENSP00000302665	ENSP00000288135	0.000	0.000	0.000	0.000	0.000	0.000	0.800	0.532	0.902
FMR1	FXR2	1855265	1843993	ENSP00000359506	ENSP00000250113	0.000	0.000	0.000	0.923	0.000	0.566	0.000	0.627	0.586
HTT	REST	1853139	1849464	ENSP00000347184	ENSP00000311816	0.000	0.000	0.000	0.000	0.000	0.576	0.000	0.544	0.798
TH	AKT1	1857346	1846136	ENSP00000370571	ENSP00000270202	0.000	0.000	0.000	0.000	0.000	0.000	0.000	0.450	0.450
IL10	KIT	1860958	1847112	ENSP00000412237	ENSP00000288135	0.000	0.000	0.000	0.000	0.000	0.000	0.000	0.417	0.416
FOS	AKT1	1848822	1846136	ENSP00000306245	ENSP00000270202	0.000	0.000	0.000	0.000	0.087	0.149	0.000	0.951	0.959
SLC6A4	CPD	1844969	1843044	ENSP00000261707	ENSP00000225719	0.000	0.000	0.000	0.000	0.000	0.000	0.000	0.450	0.450
APP	PIK3CA	1846936	1845446	ENSP00000284981	ENSP00000263967	0.000	0.000	0.000	0.000	0.000	0.000	0.900	0.173	0.913
CAMK4	HDAC4	1846787	1845573	ENSP00000282356	ENSP00000264606	0.000	0.000	0.000	0.000	0.000	0.576	0.900	0.302	0.967
FLNA	CAV1	1855120	1852186	ENSP00000358866	ENSP00000339191	0.000	0.000	0.000	0.000	0.000	0.576	0.000	0.816	0.919
AR	SIRT1	1856164	1842473	ENSP00000363822	ENSP00000212015	0.000	0.000	0.000	0.000	0.000	0.670	0.900	0.889	0.996
HDAC9	RAN	1860731	1857999	ENSP00000408617	ENSP00000376176	0.000	0.000	0.000	0.000	0.074	0.000	0.900	0.074	0.906
HOXA1	CDH1	1852676	1844988	ENSP00000343246	ENSP00000261769	0.000	0.000	0.000	0.000	0.000	0.000	0.000	0.843	0.843
PSMB6	CDKN1A	1846162	1843736	ENSP00000270586	ENSP00000244741	0.000	0.000	0.000	0.000	0.000	0.000	0.900	0.000	0.900
PROM1	AFF1	1861160	1858274	ENSP00000415481	ENSP00000378578	0.000	0.000	0.000	0.000	0.000	0.000	0.000	0.824	0.824
APP	TARDBP	1846936	1843553	ENSP00000284981	ENSP00000240185	0.000	0.000	0.000	0.000	0.000	0.053	0.000	0.433	0.440
AR	YBX1	1856164	1855704	ENSP00000363822	ENSP00000361626	0.000	0.000	0.000	0.000	0.000	0.000	0.000	0.846	0.846
PSMB5	PSMB7	1854354	1844696	ENSP00000355325	ENSP00000259457	0.000	0.000	0.225	0.721	0.893	0.999	0.900	0.875	0.999
PTPN5	AKT1	1853701	1846136	ENSP00000351342	ENSP00000270202	0.000	0.000	0.000	0.000	0.000	0.000	0.000	0.402	0.402
RCAN1	REST	1850280	1849464	ENSP00000320768	ENSP00000311816	0.000	0.000	0.000	0.000	0.000	0.000	0.000	0.469	0.469
RAN	EEF1A1	1857999	1851211	ENSP00000376176	ENSP00000330054	0.000	0.000	0.000	0.000	0.093	0.000	0.800	0.201	0.842
AKT1	SLC6A4	1846136	1844969	ENSP00000270202	ENSP00000261707	0.000	0.000	0.000	0.000	0.000	0.000	0.000	0.844	0.844
SRY	KIT	1857599	1847112	ENSP00000372547	ENSP00000288135	0.000	0.000	0.000	0.000	0.000	0.000	0.000	0.407	0.407
NR1H4	FXR1	1862381	1853552	ENSP00000447149	ENSP00000350170	0.000	0.000	0.000	0.000	0.000	0.000	0.000	0.713	0.713
HTR7	CA2	1852055	1846958	ENSP00000337949	ENSP00000285379	0.000	0.000	0.000	0.000	0.000	0.000	0.000	0.459	0.459
CYFIP2	CYFIP1	1850773	1850651	ENSP00000325817	ENSP00000324549	0.000	0.000	0.000	0.988	0.000	0.572	0.000	0.716	0.575
EIF2C1	FMR1	1855852	1855265	ENSP00000362300	ENSP00000359506	0.000	0.000	0.000	0.000	0.000	0.361	0.000	0.763	0.842
DMD	IGF1	1854257	1848439	ENSP00000354923	ENSP00000302665	0.000	0.000	0.000	0.000	0.000	0.000	0.000	0.407	0.407
FXR1	CYFIP1	1853552	1850651	ENSP00000350170	ENSP00000324549	0.000	0.000	0.000	0.000	0.000	0.572	0.000	0.913	0.961
UBE3A	ATXN1	1858549	1843741	ENSP00000381045	ENSP00000244769	0.000	0.000	0.000	0.000	0.000	0.000	0.000	0.537	0.537
WRN	RFC4	1847932	1847705	ENSP00000298139	ENSP00000296273	0.000	0.000	0.000	0.000	0.091	0.240	0.000	0.553	0.664
PIK3CA	ESR1	1845446	1842435	ENSP00000263967	ENSP00000206249	0.000	0.000	0.000	0.000	0.000	0.810	0.900	0.539	0.990
TNF	CA2	1860103	1846958	ENSP00000398698	ENSP00000285379	0.000	0.000	0.000	0.000	0.000	0.000	0.000	0.478	0.478
HDAC4	ATXN1	1845573	1843741	ENSP00000264606	ENSP00000244769	0.000	0.000	0.000	0.000	0.000	0.576	0.000	0.110	0.606
FOS	RPS6KB1	1848822	1843035	ENSP00000306245	ENSP00000225577	0.000	0.000	0.000	0.000	0.000	0.149	0.000	0.578	0.625
DLG4	JAG1	1847440	1844342	ENSP00000293813	ENSP00000254958	0.000	0.000	0.000	0.000	0.000	0.149	0.000	0.418	0.483
NR1H4	SIRT1	1862381	1842473	ENSP00000447149	ENSP00000212015	0.000	0.000	0.000	0.000	0.000	0.576	0.000	0.243	0.665
PTPN5	MAPK3	1853701	1845265	ENSP00000351342	ENSP00000263025	0.000	0.000	0.000	0.000	0.000	0.689	0.800	0.486	0.965
MMP9	CAV1	1855661	1852186	ENSP00000361405	ENSP00000339191	0.000	0.000	0.000	0.000	0.000	0.000	0.000	0.819	0.820
BDNF	SLC1A3	1861075	1845695	ENSP00000414303	ENSP00000265113	0.000	0.000	0.000	0.000	0.000	0.000	0.000	0.505	0.505
MMP9	CDH1	1855661	1844988	ENSP00000361405	ENSP00000261769	0.000	0.000	0.000	0.000	0.000	0.000	0.900	0.770	0.976
UBE3A	CDKN1A	1858549	1843736	ENSP00000381045	ENSP00000244741	0.000	0.000	0.000	0.000	0.000	0.000	0.000	0.421	0.421
T	ESR1	1847809	1842435	ENSP00000296946	ENSP00000206249	0.000	0.000	0.000	0.000	0.000	0.000	0.000	0.765	0.765
RPS6	JUN	1857216	1855436	ENSP00000369757	ENSP00000360266	0.000	0.000	0.000	0.000	0.000	0.000	0.000	0.472	0.472
UBE3A	ARC	1858549	1853386	ENSP00000381045	ENSP00000349022	0.000	0.000	0.000	0.000	0.000	0.566	0.000	0.407	0.731
APP	FXR2	1846936	1843993	ENSP00000284981	ENSP00000250113	0.000	0.000	0.000	0.000	0.000	0.000	0.000	0.745	0.745
BDNF	CDKN1A	1861075	1843736	ENSP00000414303	ENSP00000244741	0.000	0.000	0.000	0.000	0.000	0.000	0.000	0.844	0.844
KIT	AKT1	1847112	1846136	ENSP00000288135	ENSP00000270202	0.000	0.000	0.000	0.000	0.000	0.101	0.000	0.758	0.773
APOE	ESR1	1844127	1842435	ENSP00000252486	ENSP00000206249	0.000	0.000	0.000	0.000	0.000	0.000	0.000	0.538	0.538
SRY	ESR1	1857599	1842435	ENSP00000372547	ENSP00000206249	0.000	0.000	0.000	0.000	0.000	0.000	0.000	0.459	0.459
TNF	IGF1	1860103	1848439	ENSP00000398698	ENSP00000302665	0.000	0.000	0.000	0.000	0.000	0.000	0.000	0.562	0.562
BDNF	JUN	1861075	1855436	ENSP00000414303	ENSP00000360266	0.000	0.000	0.000	0.000	0.000	0.000	0.000	0.913	0.913
WRN	SIRT1	1847932	1842473	ENSP00000298139	ENSP00000212015	0.000	0.000	0.000	0.000	0.000	0.777	0.000	0.874	0.971
EPHB2	FOS	1856154	1848822	ENSP00000363763	ENSP00000306245	0.000	0.000	0.000	0.000	0.000	0.594	0.000	0.250	0.683
RPLP0	EEF1A1	1852166	1851211	ENSP00000339027	ENSP00000330054	0.000	0.000	0.000	0.000	0.616	0.532	0.900	0.466	0.989
FOS	APP	1848822	1846936	ENSP00000306245	ENSP00000284981	0.000	0.000	0.000	0.000	0.000	0.231	0.000	0.323	0.457
YBX1	TWIST1	1855704	1843619	ENSP00000361626	ENSP00000242261	0.000	0.000	0.000	0.000	0.000	0.000	0.000	0.866	0.866
RPS6	MAPK3	1857216	1845265	ENSP00000369757	ENSP00000263025	0.000	0.000	0.000	0.000	0.000	0.000	0.000	0.452	0.452
FOS	SIRT1	1848822	1842473	ENSP00000306245	ENSP00000212015	0.000	0.000	0.000	0.000	0.000	0.576	0.000	0.865	0.940
IGF1	SPARC	1848439	1843274	ENSP00000302665	ENSP00000231061	0.000	0.000	0.000	0.000	0.000	0.000	0.900	0.347	0.931
YBX1	EEF1A2	1855704	1842645	ENSP00000361626	ENSP00000217182	0.000	0.000	0.000	0.000	0.064	0.000	0.000	0.800	0.805
HDAC4	CDKN1A	1845573	1843736	ENSP00000264606	ENSP00000244741	0.000	0.000	0.000	0.000	0.000	0.569	0.000	0.360	0.712
MMP9	FOS	1855661	1848822	ENSP00000361405	ENSP00000306245	0.000	0.000	0.000	0.000	0.000	0.000	0.000	0.712	0.712
MMP9	SPARC	1855661	1843274	ENSP00000361405	ENSP00000231061	0.000	0.000	0.000	0.000	0.140	0.000	0.000	0.472	0.526
BRCA1	SIRT1	1861387	1842473	ENSP00000418960	ENSP00000212015	0.000	0.000	0.000	0.000	0.000	0.673	0.000	0.393	0.793
IL10	IGF1	1860958	1848439	ENSP00000412237	ENSP00000302665	0.000	0.000	0.000	0.000	0.000	0.000	0.000	0.887	0.887
AR	KIT	1856164	1847112	ENSP00000363822	ENSP00000288135	0.000	0.000	0.000	0.000	0.000	0.063	0.000	0.472	0.484
MAP1B	WNT7A	1847784	1846941	ENSP00000296755	ENSP00000285018	0.000	0.000	0.000	0.000	0.000	0.000	0.000	0.434	0.434
EEF1A1	RBM4	1851211	1849153	ENSP00000330054	ENSP00000309166	0.000	0.000	0.000	0.000	0.000	0.644	0.000	0.000	0.644
KIT	SIRT1	1847112	1842473	ENSP00000288135	ENSP00000212015	0.000	0.000	0.000	0.000	0.000	0.276	0.000	0.206	0.400
YBX1	CTCF	1855704	1845456	ENSP00000361626	ENSP00000264010	0.000	0.000	0.000	0.000	0.000	0.812	0.000	0.925	0.985
BRCA2	AR	1857163	1856164	ENSP00000369497	ENSP00000363822	0.000	0.000	0.000	0.000	0.000	0.000	0.000	0.897	0.897
JUN	APOE	1855436	1844127	ENSP00000360266	ENSP00000252486	0.000	0.000	0.000	0.000	0.000	0.000	0.000	0.910	0.910
BRCA1	UBE3A	1861387	1858549	ENSP00000418960	ENSP00000381045	0.000	0.000	0.000	0.000	0.000	0.566	0.000	0.398	0.727
ADRBK1	OXT	1849510	1842661	ENSP00000312262	ENSP00000217386	0.000	0.000	0.000	0.000	0.000	0.000	0.900	0.000	0.900
YBX1	PSMB5	1855704	1854354	ENSP00000361626	ENSP00000355325	0.000	0.000	0.000	0.000	0.000	0.549	0.000	0.000	0.549
AR	IGF1	1856164	1848439	ENSP00000363822	ENSP00000302665	0.000	0.000	0.000	0.000	0.000	0.000	0.000	0.928	0.928
BDNF	MAP1B	1861075	1847784	ENSP00000414303	ENSP00000296755	0.000	0.000	0.000	0.000	0.000	0.000	0.000	0.467	0.467
MMP9	TWIST1	1855661	1843619	ENSP00000361405	ENSP00000242261	0.000	0.000	0.000	0.000	0.000	0.000	0.000	0.457	0.457
AKT1	CDH1	1846136	1844988	ENSP00000270202	ENSP00000261769	0.000	0.000	0.000	0.000	0.000	0.000	0.000	0.954	0.955
APP	OXT	1846936	1842661	ENSP00000284981	ENSP00000217386	0.000	0.000	0.000	0.000	0.000	0.000	0.900	0.196	0.916
JUN	SIRT1	1855436	1842473	ENSP00000360266	ENSP00000212015	0.000	0.000	0.000	0.000	0.000	0.890	0.000	0.896	0.988
BDNF	MMP1	1861075	1850481	ENSP00000414303	ENSP00000322788	0.000	0.000	0.000	0.000	0.000	0.000	0.000	0.826	0.826
AKT1	FXR2	1846136	1843993	ENSP00000270202	ENSP00000250113	0.000	0.000	0.000	0.000	0.000	0.000	0.000	0.467	0.468
RPS6KB1	SIRT1	1843035	1842473	ENSP00000225577	ENSP00000212015	0.000	0.000	0.000	0.000	0.000	0.102	0.000	0.506	0.538
BDNF	FOS	1861075	1848822	ENSP00000414303	ENSP00000306245	0.000	0.000	0.000	0.000	0.000	0.000	0.000	0.942	0.942
SLC10A3	SLC12A2	1845361	1845152	ENSP00000263512	ENSP00000262461	0.000	0.000	0.000	0.000	0.000	0.000	0.000	0.459	0.459
JUN	IL6	1855436	1844631	ENSP00000360266	ENSP00000258743	0.000	0.000	0.000	0.000	0.000	0.000	0.900	0.960	0.995
IGF1	AKT1	1848439	1846136	ENSP00000302665	ENSP00000270202	0.000	0.000	0.000	0.000	0.000	0.000	0.000	0.963	0.963
PROM1	KRT8	1861160	1847404	ENSP00000415481	ENSP00000293308	0.000	0.000	0.000	0.000	0.000	0.000	0.000	0.460	0.459
PSMB7	CDKN1A	1844696	1843736	ENSP00000259457	ENSP00000244741	0.000	0.000	0.000	0.000	0.000	0.000	0.900	0.000	0.900
YBX1	NFYB	1855704	1843547	ENSP00000361626	ENSP00000240055	0.000	0.000	0.000	0.000	0.000	0.576	0.000	0.345	0.710
EEF1A1	APC	1851211	1844508	ENSP00000330054	ENSP00000257430	0.000	0.000	0.000	0.000	0.000	0.567	0.000	0.000	0.567
PROM1	AR	1861160	1856164	ENSP00000415481	ENSP00000363822	0.000	0.000	0.000	0.000	0.000	0.000	0.000	0.876	0.876
IL10	FOS	1860958	1848822	ENSP00000412237	ENSP00000306245	0.000	0.000	0.000	0.000	0.000	0.000	0.000	0.896	0.896
CDH1	ESR1	1844988	1842435	ENSP00000261769	ENSP00000206249	0.000	0.000	0.000	0.000	0.000	0.000	0.000	0.720	0.720
BDNF	TNF	1861075	1860103	ENSP00000414303	ENSP00000398698	0.000	0.000	0.000	0.000	0.000	0.000	0.000	0.416	0.416
NUFIP1	CYFIP1	1856987	1850651	ENSP00000368459	ENSP00000324549	0.000	0.000	0.000	0.000	0.000	0.000	0.000	0.699	0.699
CA2	AKT1	1846958	1846136	ENSP00000285379	ENSP00000270202	0.000	0.000	0.000	0.000	0.000	0.000	0.000	0.458	0.457
ATXN3	TARDBP	1858089	1843553	ENSP00000376965	ENSP00000240185	0.000	0.000	0.000	0.000	0.000	0.000	0.000	0.480	0.481
BDNF	SIRT1	1861075	1842473	ENSP00000414303	ENSP00000212015	0.000	0.000	0.000	0.000	0.000	0.000	0.000	0.877	0.877
HDAC9	AKT1	1860731	1846136	ENSP00000408617	ENSP00000270202	0.000	0.000	0.000	0.000	0.000	0.080	0.000	0.927	0.930
PAH	TH	1862478	1857346	ENSP00000448059	ENSP00000370571	0.000	0.000	0.527	0.952	0.000	0.000	0.800	0.725	0.811
EPHB2	PIK3CA	1856154	1845446	ENSP00000363763	ENSP00000263967	0.000	0.000	0.000	0.000	0.000	0.088	0.900	0.244	0.925
AKT1	JAG1	1846136	1844342	ENSP00000270202	ENSP00000254958	0.000	0.000	0.000	0.000	0.000	0.000	0.000	0.472	0.472
BDNF	APOE	1861075	1844127	ENSP00000414303	ENSP00000252486	0.000	0.000	0.000	0.000	0.000	0.000	0.000	0.539	0.539
HDAC4	MAPK3	1845573	1845265	ENSP00000264606	ENSP00000263025	0.000	0.000	0.000	0.000	0.000	0.600	0.000	0.172	0.655
EIF2C1	EEF1A1	1855852	1851211	ENSP00000362300	ENSP00000330054	0.000	0.000	0.000	0.000	0.000	0.307	0.000	0.191	0.415
FOS	CDH1	1848822	1844988	ENSP00000306245	ENSP00000261769	0.000	0.000	0.000	0.000	0.000	0.573	0.000	0.508	0.780
NRG1	AKT1	1853417	1846136	ENSP00000349275	ENSP00000270202	0.000	0.000	0.000	0.000	0.000	0.000	0.000	0.918	0.919
HTR7	SLC6A4	1852055	1844969	ENSP00000337949	ENSP00000261707	0.000	0.000	0.000	0.000	0.000	0.000	0.000	0.878	0.878
TNF	CDKN1A	1860103	1843736	ENSP00000398698	ENSP00000244741	0.000	0.000	0.000	0.000	0.000	0.000	0.000	0.459	0.459
BDNF	DLG4	1861075	1847440	ENSP00000414303	ENSP00000293813	0.000	0.000	0.000	0.000	0.000	0.000	0.000	0.472	0.472
AR	OXT	1856164	1842661	ENSP00000363822	ENSP00000217386	0.000	0.000	0.000	0.000	0.000	0.000	0.000	0.428	0.428
PROM1	MMP9	1861160	1855661	ENSP00000415481	ENSP00000361405	0.000	0.000	0.000	0.000	0.000	0.000	0.000	0.518	0.518
HDAC9	SIRT1	1860731	1842473	ENSP00000408617	ENSP00000212015	0.000	0.000	0.000	0.000	0.000	0.508	0.000	0.871	0.933
TH	HTR7	1857346	1852055	ENSP00000370571	ENSP00000337949	0.000	0.000	0.000	0.000	0.000	0.000	0.000	0.738	0.738
RBM4	CA2	1849153	1846958	ENSP00000309166	ENSP00000285379	0.000	0.000	0.000	0.000	0.000	0.000	0.000	0.565	0.565
SOX3	PITX2	1855290	1848608	ENSP00000359567	ENSP00000304169	0.000	0.000	0.000	0.000	0.000	0.064	0.000	0.442	0.455
TNF	MMP1	1860103	1850481	ENSP00000398698	ENSP00000322788	0.000	0.000	0.000	0.000	0.000	0.000	0.000	0.710	0.710
MMP1	ESR1	1850481	1842435	ENSP00000322788	ENSP00000206249	0.000	0.000	0.000	0.000	0.000	0.000	0.000	0.467	0.467
POU3F4	CCDC6	1855849	1845288	ENSP00000362296	ENSP00000263102	0.000	0.000	0.000	0.000	0.000	0.000	0.000	0.513	0.513
CAV1	AKT1	1852186	1846136	ENSP00000339191	ENSP00000270202	0.000	0.000	0.000	0.000	0.000	0.000	0.900	0.874	0.986
MAPK3	CDKN1A	1845265	1843736	ENSP00000263025	ENSP00000244741	0.000	0.000	0.000	0.000	0.000	0.000	0.000	0.630	0.631
T	JAG1	1847809	1844342	ENSP00000296946	ENSP00000254958	0.000	0.000	0.000	0.000	0.000	0.000	0.000	0.648	0.648
MAOA	SLC6A4	1852356	1844969	ENSP00000340684	ENSP00000261707	0.000	0.000	0.000	0.000	0.000	0.000	0.000	0.823	0.823
DMD	AKT1	1854257	1846136	ENSP00000354923	ENSP00000270202	0.000	0.000	0.000	0.000	0.000	0.080	0.000	0.496	0.516
TH	IL6	1857346	1844631	ENSP00000370571	ENSP00000258743	0.000	0.000	0.000	0.000	0.000	0.000	0.000	0.413	0.412
APP	SPARC	1846936	1843274	ENSP00000284981	ENSP00000231061	0.000	0.000	0.000	0.000	0.070	0.000	0.900	0.101	0.909
APP	CD82	1846936	1843104	ENSP00000284981	ENSP00000227155	0.000	0.000	0.000	0.000	0.000	0.000	0.000	0.485	0.485
APP	IL6	1846936	1844631	ENSP00000284981	ENSP00000258743	0.000	0.000	0.000	0.000	0.000	0.000	0.000	0.859	0.859
FMR1	RPS6KB1	1855265	1843035	ENSP00000359506	ENSP00000225577	0.000	0.000	0.000	0.000	0.000	0.000	0.000	0.625	0.625
UBE3A	SNRPN	1858549	1848820	ENSP00000381045	ENSP00000306223	0.000	0.000	0.000	0.000	0.065	0.000	0.000	0.515	0.527
PIK3CA	OXT	1845446	1842661	ENSP00000263967	ENSP00000217386	0.000	0.000	0.000	0.000	0.000	0.000	0.900	0.000	0.900
AKT1	ESR1	1846136	1842435	ENSP00000270202	ENSP00000206249	0.000	0.000	0.000	0.000	0.000	0.576	0.900	0.960	0.998
HTT	ATXN1	1853139	1843741	ENSP00000347184	ENSP00000244769	0.000	0.000	0.000	0.000	0.000	0.000	0.000	0.587	0.587
OXT	ESR1	1842661	1842435	ENSP00000217386	ENSP00000206249	0.000	0.000	0.000	0.000	0.000	0.000	0.000	0.938	0.938
MMP9	NOS1	1855661	1852004	ENSP00000361405	ENSP00000337459	0.000	0.000	0.000	0.000	0.000	0.000	0.000	0.855	0.856
AKT1	CDKN1A	1846136	1843736	ENSP00000270202	ENSP00000244741	0.000	0.000	0.000	0.000	0.000	0.915	0.900	0.966	0.999
CYFIP2	MAPK3	1850773	1845265	ENSP00000325817	ENSP00000263025	0.000	0.000	0.000	0.000	0.000	0.000	0.900	0.000	0.900
AKT1	RPS6KB1	1846136	1843035	ENSP00000270202	ENSP00000225577	0.000	0.000	0.432	0.870	0.117	0.969	0.900	0.993	0.997
RAN	DGCR8	1857999	1845307	ENSP00000376176	ENSP00000263209	0.000	0.000	0.000	0.000	0.000	0.000	0.900	0.000	0.900
IGF1	APP	1848439	1846936	ENSP00000302665	ENSP00000284981	0.000	0.000	0.000	0.000	0.000	0.000	0.900	0.196	0.916
HDAC9	NFYB	1860731	1843547	ENSP00000408617	ENSP00000240055	0.278	0.000	0.000	0.000	0.000	0.201	0.000	0.313	0.569
CAV1	ESR1	1852186	1842435	ENSP00000339191	ENSP00000206249	0.000	0.000	0.000	0.000	0.000	0.962	0.000	0.300	0.972
HDAC9	HDAC4	1860731	1845573	ENSP00000408617	ENSP00000264606	0.000	0.000	0.000	0.952	0.000	0.575	0.720	0.813	0.880
NOS1	MAPK3	1852004	1845265	ENSP00000337459	ENSP00000263025	0.000	0.000	0.000	0.000	0.000	0.000	0.800	0.713	0.940
RAN	ESR1	1857999	1842435	ENSP00000376176	ENSP00000206249	0.000	0.000	0.000	0.000	0.000	0.576	0.000	0.233	0.660
INHA	AMH	1843682	1842844	ENSP00000243786	ENSP00000221496	0.000	0.000	0.000	0.000	0.000	0.000	0.000	0.502	0.502
ADRBK1	MAPK3	1849510	1845265	ENSP00000312262	ENSP00000263025	0.000	0.000	0.000	0.640	0.000	0.576	0.000	0.162	0.595
RGS4	NRG1	1859995	1853417	ENSP00000397181	ENSP00000349275	0.000	0.000	0.000	0.000	0.000	0.000	0.000	0.569	0.569
SHBG	DLG4	1857224	1847440	ENSP00000369816	ENSP00000293813	0.000	0.000	0.000	0.000	0.000	0.000	0.000	0.409	0.408
CAV1	RIPK1	1852186	1844726	ENSP00000339191	ENSP00000259808	0.000	0.000	0.000	0.000	0.000	0.000	0.900	0.000	0.900
JUN	CA2	1855436	1846958	ENSP00000360266	ENSP00000285379	0.000	0.000	0.000	0.000	0.000	0.000	0.000	0.472	0.472
AR	HDAC4	1856164	1845573	ENSP00000363822	ENSP00000264606	0.000	0.000	0.000	0.000	0.000	0.812	0.000	0.287	0.860
IL6	ESR1	1844631	1842435	ENSP00000258743	ENSP00000206249	0.000	0.000	0.000	0.000	0.000	0.000	0.000	0.927	0.927
FOS	IL6	1848822	1844631	ENSP00000306245	ENSP00000258743	0.000	0.000	0.000	0.000	0.000	0.000	0.900	0.948	0.994
MECP2	UBE3A	1859873	1858549	ENSP00000395535	ENSP00000381045	0.000	0.000	0.000	0.000	0.000	0.000	0.000	0.472	0.472
NSD1	AFF1	1859900	1858274	ENSP00000395929	ENSP00000378578	0.000	0.000	0.000	0.000	0.000	0.551	0.000	0.000	0.551
FXN	FMR1	1856650	1855265	ENSP00000366482	ENSP00000359506	0.000	0.000	0.000	0.000	0.000	0.000	0.000	0.407	0.407
BRCA1	ID4	1861387	1856918	ENSP00000418960	ENSP00000367972	0.000	0.000	0.000	0.000	0.000	0.000	0.000	0.450	0.450
BRCA1	CDKN1A	1861387	1843736	ENSP00000418960	ENSP00000244741	0.000	0.000	0.000	0.000	0.000	0.567	0.000	0.633	0.834
FOS	CTCF	1848822	1845456	ENSP00000306245	ENSP00000264010	0.000	0.000	0.000	0.000	0.000	0.087	0.000	0.414	0.442
FXN	ATXN1	1856650	1843741	ENSP00000366482	ENSP00000244769	0.000	0.000	0.000	0.000	0.000	0.000	0.000	0.415	0.414
CAV1	MMP1	1852186	1850481	ENSP00000339191	ENSP00000322788	0.000	0.000	0.000	0.000	0.000	0.000	0.000	0.465	0.466
EEF1A1	PRDX2	1851211	1848306	ENSP00000330054	ENSP00000301522	0.000	0.000	0.000	0.000	0.079	0.000	0.000	0.652	0.665
AR	FOS	1856164	1848822	ENSP00000363822	ENSP00000306245	0.000	0.000	0.000	0.000	0.000	0.102	0.000	0.923	0.928
MMP9	FLNA	1855661	1855120	ENSP00000361405	ENSP00000358866	0.000	0.000	0.000	0.000	0.000	0.000	0.000	0.822	0.822
UBE3A	ESR1	1858549	1842435	ENSP00000381045	ENSP00000206249	0.000	0.000	0.000	0.000	0.000	0.915	0.000	0.421	0.948
HDAC9	CTCF	1860731	1845456	ENSP00000408617	ENSP00000264010	0.000	0.000	0.000	0.000	0.000	0.105	0.000	0.894	0.901
CELF1	FXR1	1862017	1853552	ENSP00000435926	ENSP00000350170	0.000	0.000	0.000	0.000	0.000	0.000	0.000	0.439	0.439
TNF	NOS1	1860103	1852004	ENSP00000398698	ENSP00000337459	0.000	0.000	0.000	0.000	0.000	0.000	0.000	0.807	0.807
TNF	TWIST1	1860103	1843619	ENSP00000398698	ENSP00000242261	0.000	0.000	0.000	0.000	0.000	0.000	0.000	0.594	0.595
NRG1	DLG4	1853417	1847440	ENSP00000349275	ENSP00000293813	0.000	0.000	0.000	0.000	0.000	0.000	0.000	0.416	0.416
DLG4	FXR2	1847440	1843993	ENSP00000293813	ENSP00000250113	0.000	0.000	0.000	0.000	0.000	0.000	0.000	0.750	0.751
FXR1	RPS6KB1	1853552	1843035	ENSP00000350170	ENSP00000225577	0.000	0.000	0.000	0.000	0.000	0.000	0.000	0.619	0.619
FXR1	MAP1B	1853552	1847784	ENSP00000350170	ENSP00000296755	0.000	0.000	0.000	0.000	0.000	0.466	0.000	0.582	0.767
CDKN1A	RPS6KB1	1843736	1843035	ENSP00000244741	ENSP00000225577	0.000	0.000	0.000	0.000	0.000	0.000	0.000	0.508	0.508
SRY	TH	1857599	1857346	ENSP00000372547	ENSP00000370571	0.000	0.000	0.000	0.000	0.000	0.000	0.000	0.851	0.851
BDNF	HTR7	1861075	1852055	ENSP00000414303	ENSP00000337949	0.000	0.000	0.000	0.000	0.000	0.000	0.000	0.583	0.583
IL10	MMP1	1860958	1850481	ENSP00000412237	ENSP00000322788	0.000	0.000	0.000	0.000	0.000	0.000	0.000	0.503	0.503
CRHR1	OXT	1858593	1842661	ENSP00000381333	ENSP00000217386	0.000	0.000	0.000	0.000	0.000	0.000	0.000	0.623	0.623
SHBG	ESR1	1857224	1842435	ENSP00000369816	ENSP00000206249	0.000	0.000	0.000	0.000	0.000	0.000	0.000	0.726	0.726
FOS	TWIST1	1848822	1843619	ENSP00000306245	ENSP00000242261	0.000	0.000	0.000	0.000	0.000	0.573	0.000	0.419	0.741
EIF2C1	YBX1	1855852	1855704	ENSP00000362300	ENSP00000361626	0.000	0.000	0.000	0.000	0.000	0.307	0.000	0.236	0.448
MMP9	KIT	1855661	1847112	ENSP00000361405	ENSP00000288135	0.000	0.000	0.000	0.000	0.000	0.000	0.000	0.538	0.538
JUN	IGF1	1855436	1848439	ENSP00000360266	ENSP00000302665	0.000	0.000	0.000	0.000	0.000	0.000	0.000	0.923	0.923
HDAC9	REST	1860731	1849464	ENSP00000408617	ENSP00000311816	0.000	0.000	0.000	0.000	0.000	0.105	0.000	0.564	0.593
RPS6	FOS	1857216	1848822	ENSP00000369757	ENSP00000306245	0.000	0.000	0.000	0.000	0.000	0.000	0.000	0.466	0.465
WNT7A	AMH	1846941	1842844	ENSP00000285018	ENSP00000221496	0.000	0.000	0.000	0.000	0.000	0.158	0.000	0.419	0.490
AR	PIK3CA	1856164	1845446	ENSP00000363822	ENSP00000263967	0.000	0.000	0.000	0.000	0.000	0.000	0.900	0.342	0.931
SMN1	TARDBP	1857272	1843553	ENSP00000370083	ENSP00000240185	0.000	0.000	0.000	0.000	0.000	0.000	0.000	0.553	0.553
JUN	SLC12A2	1855436	1845152	ENSP00000360266	ENSP00000262461	0.000	0.000	0.000	0.000	0.000	0.000	0.000	0.907	0.907
CAV1	APP	1852186	1846936	ENSP00000339191	ENSP00000284981	0.000	0.000	0.000	0.000	0.000	0.576	0.000	0.196	0.644
TNF	MAPK3	1860103	1845265	ENSP00000398698	ENSP00000263025	0.000	0.000	0.000	0.000	0.000	0.000	0.000	0.616	0.617
JUN	C2	1855436	1848055	ENSP00000360266	ENSP00000299367	0.000	0.000	0.000	0.000	0.000	0.000	0.000	0.492	0.492
IL6	SIRT1	1844631	1842473	ENSP00000258743	ENSP00000212015	0.000	0.000	0.000	0.000	0.000	0.000	0.000	0.458	0.457
HTR7	OXT	1852055	1842661	ENSP00000337949	ENSP00000217386	0.000	0.000	0.000	0.000	0.000	0.000	0.000	0.635	0.635
YBX1	SIRT1	1855704	1842473	ENSP00000361626	ENSP00000212015	0.000	0.000	0.000	0.000	0.000	0.358	0.000	0.140	0.424
CDH1	TWIST1	1844988	1843619	ENSP00000261769	ENSP00000242261	0.000	0.000	0.000	0.000	0.000	0.000	0.000	0.947	0.947
HDAC9	FOS	1860731	1848822	ENSP00000408617	ENSP00000306245	0.000	0.000	0.000	0.000	0.000	0.149	0.000	0.594	0.639
CDKN1A	ESR1	1843736	1842435	ENSP00000244741	ENSP00000206249	0.000	0.000	0.000	0.000	0.000	0.915	0.000	0.658	0.969
FXR1	CYFIP2	1853552	1850773	ENSP00000350170	ENSP00000325817	0.000	0.000	0.000	0.000	0.000	0.572	0.800	0.897	0.990
HDAC9	CDH1	1860731	1844988	ENSP00000408617	ENSP00000261769	0.000	0.000	0.000	0.000	0.000	0.000	0.000	0.902	0.902
CRHR1	SLC6A4	1858593	1844969	ENSP00000381333	ENSP00000261707	0.000	0.000	0.000	0.000	0.000	0.000	0.000	0.506	0.506
BDNF	HTT	1861075	1853139	ENSP00000414303	ENSP00000347184	0.000	0.000	0.000	0.000	0.000	0.000	0.000	0.903	0.903
SLC6A4	OXT	1844969	1842661	ENSP00000261707	ENSP00000217386	0.000	0.000	0.000	0.000	0.000	0.000	0.000	0.417	0.416
SIRT1	ESR1	1842473	1842435	ENSP00000212015	ENSP00000206249	0.000	0.000	0.000	0.000	0.000	0.576	0.000	0.472	0.766
WNT7A	TWIST1	1846941	1843619	ENSP00000285018	ENSP00000242261	0.000	0.000	0.000	0.000	0.000	0.149	0.000	0.354	0.427
APP	APOE	1846936	1844127	ENSP00000284981	ENSP00000252486	0.000	0.000	0.000	0.000	0.000	0.812	0.000	0.723	0.945
IL10	TIMP1	1860958	1842705	ENSP00000412237	ENSP00000218388	0.000	0.000	0.000	0.000	0.000	0.000	0.000	0.921	0.921
SHBG	AMH	1857224	1842844	ENSP00000369816	ENSP00000221496	0.000	0.000	0.000	0.000	0.000	0.000	0.000	0.584	0.584
ARC	DLG4	1853386	1847440	ENSP00000349022	ENSP00000293813	0.000	0.000	0.000	0.000	0.000	0.576	0.000	0.180	0.637
MMP1	TIMP1	1850481	1842705	ENSP00000322788	ENSP00000218388	0.000	0.000	0.000	0.000	0.000	0.958	0.000	0.938	0.997
APOE	TIMP1	1844127	1842705	ENSP00000252486	ENSP00000218388	0.000	0.000	0.000	0.000	0.000	0.000	0.000	0.538	0.538
KRT8	ESR1	1847404	1842435	ENSP00000293308	ENSP00000206249	0.000	0.000	0.000	0.000	0.000	0.000	0.000	0.509	0.509
JUN	CDH1	1855436	1844988	ENSP00000360266	ENSP00000261769	0.000	0.000	0.000	0.000	0.000	0.000	0.000	0.913	0.913
FXR2	TARDBP	1843993	1843553	ENSP00000250113	ENSP00000240185	0.000	0.000	0.000	0.000	0.000	0.000	0.000	0.624	0.624
FXN	AKT1	1856650	1846136	ENSP00000366482	ENSP00000270202	0.000	0.000	0.000	0.000	0.000	0.000	0.000	0.405	0.405
SLC1A3	SLC6A4	1845695	1844969	ENSP00000265113	ENSP00000261707	0.000	0.000	0.000	0.000	0.000	0.000	0.000	0.435	0.435
TH	SIRT1	1857346	1842473	ENSP00000370571	ENSP00000212015	0.000	0.000	0.000	0.000	0.000	0.000	0.000	0.835	0.835
IL10	APOE	1860958	1844127	ENSP00000412237	ENSP00000252486	0.000	0.000	0.000	0.000	0.000	0.000	0.000	0.580	0.580
CELF1	CDKN1A	1862017	1843736	ENSP00000435926	ENSP00000244741	0.000	0.000	0.000	0.000	0.000	0.000	0.000	0.832	0.832
JUN	DMD	1855436	1854257	ENSP00000360266	ENSP00000354923	0.000	0.000	0.000	0.000	0.000	0.000	0.000	0.403	0.403
IGF1	CDKN1A	1848439	1843736	ENSP00000302665	ENSP00000244741	0.000	0.000	0.000	0.000	0.000	0.000	0.000	0.477	0.477
WNT7A	JAG1	1846941	1844342	ENSP00000285018	ENSP00000254958	0.000	0.000	0.000	0.000	0.000	0.223	0.000	0.267	0.406
IL6	JAG1	1844631	1844342	ENSP00000258743	ENSP00000254958	0.000	0.000	0.000	0.000	0.000	0.000	0.000	0.873	0.873
BRCA1	AKT1	1861387	1846136	ENSP00000418960	ENSP00000270202	0.000	0.000	0.000	0.000	0.000	0.917	0.000	0.580	0.963
IGF1	SIRT1	1848439	1842473	ENSP00000302665	ENSP00000212015	0.000	0.000	0.000	0.000	0.000	0.000	0.000	0.896	0.896
RPL10	EEF1A1	1852496	1851211	ENSP00000341730	ENSP00000330054	0.000	0.000	0.000	0.000	0.579	0.000	0.000	0.000	0.579
EPHB2	MMP9	1856154	1855661	ENSP00000363763	ENSP00000361405	0.000	0.000	0.000	0.000	0.000	0.576	0.000	0.168	0.632
DLG4	RIPK1	1847440	1844726	ENSP00000293813	ENSP00000259808	0.462	0.000	0.000	0.000	0.000	0.077	0.000	0.166	0.549
RLN3	CRHR1	1860007	1858593	ENSP00000397415	ENSP00000381333	0.000	0.000	0.000	0.000	0.000	0.000	0.000	0.426	0.426
BRCA2	AKT1	1857163	1846136	ENSP00000369497	ENSP00000270202	0.000	0.000	0.000	0.000	0.000	0.000	0.000	0.450	0.450
JUN	MMP1	1855436	1850481	ENSP00000360266	ENSP00000322788	0.000	0.000	0.000	0.000	0.000	0.000	0.900	0.932	0.993
FXR1	TARDBP	1853552	1843553	ENSP00000350170	ENSP00000240185	0.000	0.000	0.000	0.000	0.000	0.000	0.000	0.648	0.649
HDAC9	JUN	1860731	1855436	ENSP00000408617	ENSP00000360266	0.000	0.000	0.000	0.000	0.000	0.672	0.000	0.918	0.972
FOS	TIMP1	1848822	1842705	ENSP00000306245	ENSP00000218388	0.000	0.000	0.000	0.000	0.000	0.000	0.900	0.565	0.954
CTCF	CDH1	1845456	1844988	ENSP00000264010	ENSP00000261769	0.000	0.000	0.000	0.000	0.000	0.000	0.000	0.842	0.842
BDNF	SLC1A2	1861075	1846562	ENSP00000414303	ENSP00000278379	0.000	0.000	0.000	0.000	0.000	0.000	0.000	0.532	0.532
RAN	AR	1857999	1856164	ENSP00000376176	ENSP00000363822	0.000	0.000	0.000	0.000	0.000	0.576	0.000	0.878	0.946
CDH1	TIMP1	1844988	1842705	ENSP00000261769	ENSP00000218388	0.000	0.000	0.000	0.000	0.000	0.000	0.000	0.569	0.569
NOS1	FOS	1852004	1848822	ENSP00000337459	ENSP00000306245	0.000	0.000	0.000	0.000	0.000	0.000	0.000	0.596	0.596
BRCA1	AR	1861387	1856164	ENSP00000418960	ENSP00000363822	0.000	0.000	0.000	0.000	0.000	0.812	0.000	0.632	0.928
RPLP0	HPRT1	1852166	1847973	ENSP00000339027	ENSP00000298556	0.000	0.000	0.000	0.000	0.098	0.000	0.000	0.581	0.605
GPC3	PRDX2	1858180	1848306	ENSP00000377836	ENSP00000301522	0.000	0.000	0.000	0.000	0.000	0.000	0.000	0.517	0.517
CRHR1	FOS	1858593	1848822	ENSP00000381333	ENSP00000306245	0.000	0.000	0.000	0.000	0.000	0.000	0.000	0.722	0.722
NR1H4	EIF2C1	1862381	1855852	ENSP00000447149	ENSP00000362300	0.000	0.000	0.000	0.000	0.000	0.000	0.000	0.413	0.413
IGF1	IL6	1848439	1844631	ENSP00000302665	ENSP00000258743	0.000	0.000	0.000	0.000	0.000	0.000	0.000	0.942	0.942
IL6	OXT	1844631	1842661	ENSP00000258743	ENSP00000217386	0.000	0.000	0.000	0.000	0.000	0.000	0.000	0.479	0.479
ADRBK1	APP	1849510	1846936	ENSP00000312262	ENSP00000284981	0.000	0.000	0.000	0.000	0.000	0.000	0.900	0.000	0.900
FOS	OXT	1848822	1842661	ENSP00000306245	ENSP00000217386	0.000	0.000	0.000	0.000	0.000	0.000	0.000	0.949	0.949
HOXA1	PITX2	1852676	1848608	ENSP00000343246	ENSP00000304169	0.000	0.000	0.000	0.648	0.000	0.391	0.000	0.276	0.443
KIT	CDKN1A	1847112	1843736	ENSP00000288135	ENSP00000244741	0.000	0.000	0.000	0.000	0.000	0.000	0.000	0.501	0.501
AR	ESR1	1856164	1842435	ENSP00000363822	ENSP00000206249	0.000	0.000	0.000	0.692	0.000	0.576	0.900	0.908	0.968
NUFIP1	FMR1	1856987	1855265	ENSP00000368459	ENSP00000359506	0.000	0.000	0.000	0.000	0.000	0.576	0.000	0.242	0.664
AR	CA2	1856164	1846958	ENSP00000363822	ENSP00000285379	0.000	0.000	0.000	0.000	0.000	0.000	0.000	0.459	0.459
TIMP1	ESR1	1842705	1842435	ENSP00000218388	ENSP00000206249	0.000	0.000	0.000	0.000	0.000	0.000	0.000	0.472	0.472
SHBG	IGF1	1857224	1848439	ENSP00000369816	ENSP00000302665	0.000	0.000	0.000	0.000	0.000	0.000	0.000	0.812	0.812
APP	MAPK3	1846936	1845265	ENSP00000284981	ENSP00000263025	0.000	0.000	0.000	0.000	0.000	0.000	0.900	0.301	0.927
NOS1	CAMK4	1852004	1846787	ENSP00000337459	ENSP00000282356	0.000	0.000	0.000	0.000	0.000	0.566	0.000	0.152	0.616
CD82	ESR1	1843104	1842435	ENSP00000227155	ENSP00000206249	0.000	0.000	0.000	0.000	0.000	0.000	0.900	0.243	0.921
BRCA2	ESR1	1857163	1842435	ENSP00000369497	ENSP00000206249	0.000	0.000	0.000	0.000	0.000	0.000	0.000	0.725	0.725
BRCA1	RFC4	1861387	1847705	ENSP00000418960	ENSP00000296273	0.000	0.000	0.000	0.000	0.000	0.000	0.000	0.563	0.563
FXR1	DLGAP3	1853552	1843417	ENSP00000350170	ENSP00000235180	0.000	0.000	0.000	0.000	0.000	0.000	0.000	0.446	0.447
FMR1	DLG4	1855265	1847440	ENSP00000359506	ENSP00000293813	0.000	0.000	0.000	0.000	0.000	0.000	0.000	0.792	0.793
DMD	NRG1	1854257	1853417	ENSP00000354923	ENSP00000349275	0.000	0.000	0.000	0.000	0.000	0.000	0.000	0.744	0.744
MMP9	IL6	1855661	1844631	ENSP00000361405	ENSP00000258743	0.000	0.000	0.000	0.000	0.000	0.000	0.000	0.949	0.949
BRCA1	WRN	1861387	1847932	ENSP00000418960	ENSP00000298139	0.000	0.000	0.000	0.000	0.000	0.000	0.000	0.582	0.582
NSD1	RAN	1859900	1857999	ENSP00000395929	ENSP00000376176	0.000	0.000	0.000	0.000	0.000	0.000	0.000	0.748	0.748
CDH1	IL6	1844988	1844631	ENSP00000261769	ENSP00000258743	0.000	0.000	0.000	0.000	0.000	0.000	0.000	0.508	0.508
CDR1	AKT1	1855288	1846136	ENSP00000359563	ENSP00000270202	0.000	0.000	0.000	0.000	0.000	0.000	0.000	0.805	0.805
TH	MAOA	1857346	1852356	ENSP00000370571	ENSP00000340684	0.000	0.000	0.000	0.000	0.000	0.000	0.000	0.658	0.658
SLC1A2	SLC6A4	1846562	1844969	ENSP00000278379	ENSP00000261707	0.000	0.000	0.000	0.000	0.000	0.000	0.000	0.448	0.448
RGS4	AFF2	1859995	1855259	ENSP00000397181	ENSP00000359489	0.000	0.000	0.000	0.000	0.000	0.000	0.000	0.648	0.648
MMP1	SPARC	1850481	1843274	ENSP00000322788	ENSP00000231061	0.000	0.000	0.000	0.000	0.000	0.000	0.000	0.416	0.416
GPC3	APOE	1858180	1844127	ENSP00000377836	ENSP00000252486	0.000	0.000	0.000	0.000	0.000	0.000	0.900	0.163	0.912
AR	CDKN1A	1856164	1843736	ENSP00000363822	ENSP00000244741	0.000	0.000	0.000	0.000	0.000	0.000	0.000	0.912	0.912
BRCA2	CDKN1A	1857163	1843736	ENSP00000369497	ENSP00000244741	0.000	0.000	0.000	0.000	0.000	0.000	0.000	0.500	0.499
AR	FMR1	1856164	1855265	ENSP00000363822	ENSP00000359506	0.000	0.000	0.000	0.000	0.000	0.000	0.000	0.407	0.407
RPS6	RPS6KB1	1857216	1843035	ENSP00000369757	ENSP00000225577	0.000	0.000	0.000	0.000	0.000	0.943	0.900	0.993	0.999
BDNF	TH	1861075	1857346	ENSP00000414303	ENSP00000370571	0.000	0.000	0.000	0.000	0.000	0.000	0.000	0.730	0.730
CHD2	WRN	1858166	1847932	ENSP00000377747	ENSP00000298139	0.083	0.000	0.000	0.000	0.073	0.287	0.000	0.202	0.451
PROM1	CDH1	1861160	1844988	ENSP00000415481	ENSP00000261769	0.000	0.000	0.000	0.000	0.000	0.000	0.000	0.580	0.580
PSMB5	CDKN1A	1854354	1843736	ENSP00000355325	ENSP00000244741	0.000	0.000	0.000	0.000	0.000	0.000	0.900	0.043	0.900
AKT1	ATXN1	1846136	1843741	ENSP00000270202	ENSP00000244769	0.000	0.000	0.000	0.000	0.000	0.576	0.000	0.852	0.934
BRCA1	ESR1	1861387	1842435	ENSP00000418960	ENSP00000206249	0.000	0.000	0.000	0.000	0.000	0.999	0.900	0.815	0.999
MMP9	AKT1	1855661	1846136	ENSP00000361405	ENSP00000270202	0.000	0.000	0.000	0.000	0.000	0.000	0.000	0.952	0.952
MMP1	IGF1	1850481	1848439	ENSP00000322788	ENSP00000302665	0.000	0.000	0.000	0.000	0.000	0.000	0.900	0.464	0.944
G3BP1	PRDX2	1853318	1848306	ENSP00000348578	ENSP00000301522	0.000	0.000	0.000	0.000	0.000	0.075	0.000	0.803	0.810
FOS	ESR1	1848822	1842435	ENSP00000306245	ENSP00000206249	0.000	0.000	0.000	0.000	0.000	0.590	0.900	0.809	0.991
DMPK	INHA	1852998	1843682	ENSP00000345997	ENSP00000243786	0.000	0.000	0.000	0.000	0.000	0.000	0.000	0.440	0.440
FXR2	DLGAP3	1843993	1843417	ENSP00000250113	ENSP00000235180	0.000	0.000	0.000	0.000	0.000	0.000	0.000	0.459	0.460
FOS	CAMK4	1848822	1846787	ENSP00000306245	ENSP00000282356	0.000	0.000	0.000	0.000	0.000	0.000	0.000	0.521	0.521
BDNF	MMP9	1861075	1855661	ENSP00000414303	ENSP00000361405	0.000	0.000	0.000	0.000	0.000	0.000	0.000	0.889	0.889
DSE	EEF1A2	1851436	1842645	ENSP00000332151	ENSP00000217182	0.000	0.000	0.000	0.000	0.000	0.000	0.000	0.453	0.453
MAPK3	RPS6KB1	1845265	1843035	ENSP00000263025	ENSP00000225577	0.000	0.000	0.000	0.666	0.000	0.671	0.000	0.772	0.755
JUN	KIT	1855436	1847112	ENSP00000360266	ENSP00000288135	0.000	0.000	0.000	0.000	0.000	0.077	0.000	0.553	0.570
JUN	OXT	1855436	1842661	ENSP00000360266	ENSP00000217386	0.000	0.000	0.000	0.000	0.000	0.000	0.000	0.457	0.457
IGF1	RPS6KB1	1848439	1843035	ENSP00000302665	ENSP00000225577	0.000	0.000	0.000	0.000	0.000	0.000	0.900	0.937	0.993
TH	SLC6A4	1857346	1844969	ENSP00000370571	ENSP00000261707	0.000	0.000	0.000	0.000	0.000	0.000	0.000	0.605	0.605
CRHR1	TH	1858593	1857346	ENSP00000381333	ENSP00000370571	0.000	0.000	0.000	0.000	0.000	0.000	0.000	0.503	0.503
BRCA1	PROM1	1861387	1861160	ENSP00000418960	ENSP00000415481	0.000	0.000	0.000	0.000	0.000	0.000	0.000	0.408	0.408
HDAC9	TNF	1860731	1860103	ENSP00000408617	ENSP00000398698	0.000	0.000	0.000	0.000	0.000	0.090	0.000	0.453	0.480
TNF	AR	1860103	1856164	ENSP00000398698	ENSP00000363822	0.000	0.000	0.000	0.000	0.000	0.000	0.000	0.415	0.414
TWIST1	TIMP1	1843619	1842705	ENSP00000242261	ENSP00000218388	0.000	0.000	0.000	0.000	0.000	0.000	0.000	0.841	0.841
TH	FOS	1857346	1848822	ENSP00000370571	ENSP00000306245	0.000	0.000	0.000	0.000	0.000	0.000	0.900	0.769	0.975
JUN	CTCF	1855436	1845456	ENSP00000360266	ENSP00000264010	0.000	0.000	0.000	0.000	0.000	0.101	0.000	0.363	0.403
JUN	TIMP1	1855436	1842705	ENSP00000360266	ENSP00000218388	0.000	0.000	0.000	0.000	0.000	0.000	0.900	0.583	0.956
BDNF	CAMK4	1861075	1846787	ENSP00000414303	ENSP00000282356	0.000	0.000	0.000	0.000	0.000	0.000	0.000	0.538	0.538
PRDX2	ESR1	1848306	1842435	ENSP00000301522	ENSP00000206249	0.000	0.000	0.000	0.000	0.000	0.570	0.000	0.126	0.608
AR	MMP9	1856164	1855661	ENSP00000363822	ENSP00000361405	0.000	0.000	0.000	0.000	0.000	0.000	0.000	0.472	0.472
DMD	KRT8	1854257	1847404	ENSP00000354923	ENSP00000293308	0.000	0.000	0.000	0.000	0.000	0.576	0.360	0.075	0.727
WRN	NBN	1847932	1845751	ENSP00000298139	ENSP00000265433	0.000	0.000	0.000	0.000	0.000	0.809	0.000	0.400	0.880
TH	JUN	1857346	1855436	ENSP00000370571	ENSP00000360266	0.000	0.000	0.000	0.000	0.000	0.000	0.900	0.537	0.951
TNF	JUN	1860103	1855436	ENSP00000398698	ENSP00000360266	0.000	0.000	0.000	0.000	0.000	0.000	0.000	0.850	0.850
NOS1	MAP1B	1852004	1847784	ENSP00000337459	ENSP00000296755	0.000	0.000	0.000	0.000	0.000	0.000	0.000	0.808	0.808
BDNF	MECP2	1861075	1859873	ENSP00000414303	ENSP00000395535	0.000	0.000	0.000	0.000	0.000	0.000	0.000	0.920	0.921
PROM1	KIT	1861160	1847112	ENSP00000415481	ENSP00000288135	0.000	0.000	0.000	0.000	0.000	0.000	0.000	0.820	0.820
IGF1	ESR1	1848439	1842435	ENSP00000302665	ENSP00000206249	0.000	0.000	0.000	0.000	0.000	0.000	0.900	0.720	0.970
BDNF	IL6	1861075	1844631	ENSP00000414303	ENSP00000258743	0.000	0.000	0.000	0.000	0.000	0.000	0.000	0.913	0.913
AR	JUN	1856164	1855436	ENSP00000363822	ENSP00000360266	0.000	0.000	0.000	0.000	0.000	0.812	0.000	0.926	0.985
AKR1C2	AR	1857282	1856164	ENSP00000370129	ENSP00000363822	0.000	0.000	0.000	0.000	0.000	0.000	0.000	0.425	0.424
RAN	EEF1A2	1857999	1842645	ENSP00000376176	ENSP00000217182	0.000	0.000	0.000	0.000	0.093	0.000	0.800	0.298	0.861
AR	CDH1	1856164	1844988	ENSP00000363822	ENSP00000261769	0.000	0.000	0.000	0.000	0.000	0.000	0.000	0.913	0.913
AKT1	MAPK3	1846136	1845265	ENSP00000270202	ENSP00000263025	0.000	0.000	0.000	0.639	0.000	0.270	0.000	0.867	0.497
BRCA1	HDAC9	1861387	1860731	ENSP00000418960	ENSP00000408617	0.000	0.000	0.000	0.000	0.000	0.000	0.000	0.506	0.506
TNF	SIRT1	1860103	1842473	ENSP00000398698	ENSP00000212015	0.000	0.000	0.000	0.000	0.000	0.000	0.000	0.861	0.861
NDOR1	DLG4	1855500	1847440	ENSP00000360576	ENSP00000293813	0.000	0.000	0.000	0.000	0.000	0.570	0.000	0.081	0.587
SOX3	ZFY	1855290	1842256	ENSP00000359567	ENSP00000155093	0.000	0.000	0.000	0.000	0.000	0.000	0.000	0.414	0.414
ATXN3	ATN1	1858089	1853388	ENSP00000376965	ENSP00000349076	0.000	0.000	0.000	0.000	0.000	0.000	0.000	0.583	0.583
MAPK3	ESR1	1845265	1842435	ENSP00000263025	ENSP00000206249	0.000	0.000	0.000	0.000	0.000	0.601	0.800	0.480	0.954
PROM1	IL6	1861160	1844631	ENSP00000415481	ENSP00000258743	0.000	0.000	0.000	0.000	0.000	0.000	0.000	0.471	0.471
AR	IL6	1856164	1844631	ENSP00000363822	ENSP00000258743	0.000	0.000	0.000	0.000	0.000	0.000	0.000	0.923	0.923
NR1H4	ESR1	1862381	1842435	ENSP00000447149	ENSP00000206249	0.000	0.000	0.000	0.662	0.000	0.812	0.000	0.472	0.841
TH	NOS1	1857346	1852004	ENSP00000370571	ENSP00000337459	0.000	0.000	0.000	0.000	0.000	0.000	0.000	0.505	0.505
JUN	NRG1	1855436	1853417	ENSP00000360266	ENSP00000349275	0.000	0.000	0.000	0.000	0.000	0.000	0.000	0.846	0.846
APOE	TARDBP	1844127	1843553	ENSP00000252486	ENSP00000240185	0.000	0.000	0.000	0.000	0.000	0.000	0.000	0.413	0.412
NOS1	CDKN1A	1852004	1843736	ENSP00000337459	ENSP00000244741	0.000	0.000	0.000	0.000	0.000	0.000	0.000	0.800	0.801
YBX1	SLC6A4	1855704	1844969	ENSP00000361626	ENSP00000261707	0.000	0.000	0.000	0.000	0.000	0.576	0.000	0.311	0.695
BRCA1	JUN	1861387	1855436	ENSP00000418960	ENSP00000360266	0.000	0.000	0.000	0.000	0.000	0.576	0.000	0.531	0.792
FXR1	APP	1853552	1846936	ENSP00000350170	ENSP00000284981	0.000	0.000	0.000	0.000	0.000	0.000	0.000	0.752	0.753
RPS6	PIK3CA	1857216	1845446	ENSP00000369757	ENSP00000263967	0.000	0.000	0.000	0.000	0.000	0.000	0.000	0.582	0.582
FOS	SPARC	1848822	1843274	ENSP00000306245	ENSP00000231061	0.000	0.000	0.000	0.000	0.000	0.000	0.000	0.419	0.418
RPLP0	EEF1A2	1852166	1842645	ENSP00000339027	ENSP00000217182	0.000	0.000	0.000	0.000	0.616	0.291	0.000	0.176	0.756
MMP9	APOE	1855661	1844127	ENSP00000361405	ENSP00000252486	0.000	0.000	0.000	0.000	0.000	0.000	0.000	0.707	0.707
AR	AKT1	1856164	1846136	ENSP00000363822	ENSP00000270202	0.000	0.000	0.000	0.000	0.000	0.914	0.000	0.942	0.994
HDAC9	NSD1	1860731	1859900	ENSP00000408617	ENSP00000395929	0.063	0.000	0.000	0.000	0.000	0.220	0.000	0.296	0.440
RPS6	RPLP0	1857216	1852166	ENSP00000369757	ENSP00000339027	0.000	0.000	0.000	0.000	0.939	0.903	0.900	0.261	0.999
BRCA1	MAPK3	1861387	1845265	ENSP00000418960	ENSP00000263025	0.000	0.000	0.000	0.000	0.000	0.576	0.000	0.168	0.632
MMP9	ESR1	1855661	1842435	ENSP00000361405	ENSP00000206249	0.000	0.000	0.000	0.000	0.000	0.000	0.000	0.582	0.582
RPS6	IGF1	1857216	1848439	ENSP00000369757	ENSP00000302665	0.000	0.000	0.000	0.000	0.000	0.000	0.000	0.507	0.507
AR	AMH	1856164	1842844	ENSP00000363822	ENSP00000221496	0.000	0.000	0.000	0.000	0.000	0.000	0.000	0.929	0.929
OCA2	SNRPN	1853079	1848820	ENSP00000346659	ENSP00000306223	0.000	0.000	0.000	0.000	0.000	0.000	0.000	0.481	0.481
NSD1	AR	1859900	1856164	ENSP00000395929	ENSP00000363822	0.000	0.000	0.000	0.000	0.000	0.831	0.000	0.287	0.874
CELF1	AR	1862017	1856164	ENSP00000435926	ENSP00000363822	0.000	0.000	0.000	0.000	0.000	0.000	0.000	0.459	0.459
G3BP1	FXR2	1853318	1843993	ENSP00000348578	ENSP00000250113	0.000	0.000	0.000	0.000	0.000	0.481	0.000	0.251	0.594
CDH1	JAG1	1844988	1844342	ENSP00000261769	ENSP00000254958	0.000	0.000	0.000	0.000	0.000	0.000	0.000	0.503	0.503
BDNF	AR	1861075	1856164	ENSP00000414303	ENSP00000363822	0.000	0.000	0.000	0.000	0.000	0.000	0.000	0.874	0.874
YBX1	AKT1	1855704	1846136	ENSP00000361626	ENSP00000270202	0.000	0.000	0.000	0.000	0.000	0.812	0.000	0.887	0.977
FOS	KIT	1848822	1847112	ENSP00000306245	ENSP00000288135	0.000	0.000	0.000	0.000	0.000	0.083	0.000	0.539	0.559
TNF	APOE	1860103	1844127	ENSP00000398698	ENSP00000252486	0.000	0.000	0.000	0.000	0.000	0.000	0.000	0.584	0.584
FMR1	CYFIP1	1855265	1850651	ENSP00000359506	ENSP00000324549	0.000	0.000	0.000	0.000	0.073	0.572	0.720	0.862	0.982
UBE3A	FMR1	1858549	1855265	ENSP00000381045	ENSP00000359506	0.000	0.000	0.000	0.000	0.000	0.000	0.000	0.430	0.430
BRCA1	CDH1	1861387	1844988	ENSP00000418960	ENSP00000261769	0.000	0.000	0.000	0.000	0.000	0.000	0.000	0.632	0.632
FMR1	AMH	1855265	1842844	ENSP00000359506	ENSP00000221496	0.000	0.000	0.000	0.000	0.000	0.000	0.000	0.416	0.416
TNF	RIPK1	1860103	1844726	ENSP00000398698	ENSP00000259808	0.000	0.000	0.000	0.000	0.000	0.122	0.000	0.408	0.458
HTT	DLG4	1853139	1847440	ENSP00000347184	ENSP00000293813	0.000	0.000	0.000	0.000	0.000	0.576	0.800	0.213	0.927
ARC	FOS	1853386	1848822	ENSP00000349022	ENSP00000306245	0.000	0.000	0.000	0.000	0.000	0.000	0.000	0.571	0.572
JUN	SPARC	1855436	1843274	ENSP00000360266	ENSP00000231061	0.000	0.000	0.000	0.000	0.000	0.000	0.000	0.852	0.853
MECP2	FMR1	1859873	1855265	ENSP00000395535	ENSP00000359506	0.000	0.000	0.000	0.000	0.000	0.000	0.000	0.592	0.592
APP	TIMP1	1846936	1842705	ENSP00000284981	ENSP00000218388	0.000	0.000	0.000	0.000	0.000	0.000	0.900	0.197	0.916
AKT1	TWIST1	1846136	1843619	ENSP00000270202	ENSP00000242261	0.000	0.000	0.000	0.000	0.000	0.000	0.000	0.890	0.890
HDAC4	SIRT1	1845573	1842473	ENSP00000264606	ENSP00000212015	0.000	0.000	0.000	0.000	0.000	0.899	0.900	0.762	0.997
BDNF	REST	1861075	1849464	ENSP00000414303	ENSP00000311816	0.000	0.000	0.000	0.000	0.000	0.000	0.000	0.908	0.908
MECP2	GDI1	1859873	1859771	ENSP00000395535	ENSP00000394071	0.000	0.000	0.000	0.000	0.000	0.000	0.000	0.505	0.505
BRCA2	WRN	1857163	1847932	ENSP00000369497	ENSP00000298139	0.000	0.000	0.000	0.000	0.000	0.000	0.000	0.586	0.586
UBE3A	AKT1	1858549	1846136	ENSP00000381045	ENSP00000270202	0.000	0.000	0.000	0.000	0.000	0.218	0.000	0.310	0.437
AKT1	IL6	1846136	1844631	ENSP00000270202	ENSP00000258743	0.000	0.000	0.000	0.000	0.000	0.000	0.000	0.949	0.949
CDKN1A	SIRT1	1843736	1842473	ENSP00000244741	ENSP00000212015	0.000	0.000	0.000	0.000	0.000	0.000	0.900	0.504	0.948
SRY	JUN	1857599	1855436	ENSP00000372547	ENSP00000360266	0.000	0.000	0.000	0.000	0.000	0.000	0.000	0.440	0.440
FMR1	AKT1	1855265	1846136	ENSP00000359506	ENSP00000270202	0.000	0.000	0.000	0.000	0.000	0.000	0.000	0.529	0.530
FOS	CA2	1848822	1846958	ENSP00000306245	ENSP00000285379	0.000	0.000	0.000	0.000	0.000	0.000	0.000	0.508	0.508
WRN	PIK3CA	1847932	1845446	ENSP00000298139	ENSP00000263967	0.000	0.000	0.000	0.000	0.000	0.304	0.000	0.269	0.469
BDNF	SLC6A4	1861075	1844969	ENSP00000414303	ENSP00000261707	0.000	0.000	0.000	0.000	0.000	0.000	0.000	0.725	0.725
AKT1	SIRT1	1846136	1842473	ENSP00000270202	ENSP00000212015	0.000	0.000	0.000	0.000	0.000	0.596	0.000	0.930	0.971
FMR1	MAP1B	1855265	1847784	ENSP00000359506	ENSP00000296755	0.000	0.000	0.000	0.000	0.000	0.466	0.000	0.577	0.764
HDAC9	PITX2	1860731	1848608	ENSP00000408617	ENSP00000304169	0.000	0.000	0.000	0.000	0.000	0.000	0.000	0.606	0.606
NOS1	DLG4	1852004	1847440	ENSP00000337459	ENSP00000293813	0.000	0.000	0.000	0.000	0.000	0.917	0.900	0.790	0.998
FOS	EEF1A2	1848822	1842645	ENSP00000306245	ENSP00000217182	0.000	0.000	0.000	0.000	0.000	0.000	0.000	0.815	0.815
MECP2	ARX	1859873	1856972	ENSP00000395535	ENSP00000368332	0.000	0.000	0.000	0.000	0.000	0.080	0.000	0.440	0.462
MMP1	AKT1	1850481	1846136	ENSP00000322788	ENSP00000270202	0.000	0.000	0.000	0.000	0.000	0.000	0.000	0.915	0.915
MMP9	SIRT1	1855661	1842473	ENSP00000361405	ENSP00000212015	0.000	0.000	0.000	0.000	0.000	0.000	0.000	0.877	0.877
MAOA	TIMP1	1852356	1842705	ENSP00000340684	ENSP00000218388	0.000	0.000	0.000	0.000	0.000	0.000	0.000	0.439	0.439
MMP1	FOS	1850481	1848822	ENSP00000322788	ENSP00000306245	0.000	0.000	0.000	0.000	0.000	0.000	0.900	0.929	0.992
ATXN3	ATXN1	1858089	1843741	ENSP00000376965	ENSP00000244769	0.000	0.000	0.000	0.000	0.000	0.000	0.000	0.870	0.870
DMD	DLG4	1854257	1847440	ENSP00000354923	ENSP00000293813	0.000	0.000	0.000	0.000	0.000	0.000	0.000	0.465	0.465
APP	AKT1	1846936	1846136	ENSP00000284981	ENSP00000270202	0.000	0.000	0.000	0.000	0.000	0.087	0.000	0.403	0.432
BRCA2	PIK3CA	1857163	1845446	ENSP00000369497	ENSP00000263967	0.000	0.000	0.000	0.000	0.000	0.000	0.000	0.526	0.526
PRKG1	NOS1	1856026	1852004	ENSP00000363092	ENSP00000337459	0.000	0.000	0.000	0.000	0.000	0.000	0.000	0.435	0.435
AKT1	APOE	1846136	1844127	ENSP00000270202	ENSP00000252486	0.000	0.000	0.000	0.000	0.000	0.000	0.000	0.646	0.646
TWIST1	ESR1	1843619	1842435	ENSP00000242261	ENSP00000206249	0.000	0.000	0.000	0.000	0.000	0.566	0.000	0.472	0.761
